216

obtusis 189, 6.
obuiautibus71, 2. -,99918 9.
-919199 V L 112, 6.
989919199162,1.
occasio (98111313. [120,10.]
137,18.162,14. 9999198
81, 9. 1088. -,.999877 88,
1. (-ex) 9.0,4 98.1. [(ex-)
103, 11. 123 ,1.]148, 17. -1-99
899 89 20. 112, 14. 119,4.
occasus 187, 1, (-99 pl.) 18.
9991898991 116, 18, -196, 13.
-91999 991141, 14.
occidentalem 184, 13.
occipitium 96. 7.
occulti 100, 13, ·as 119, 8,-19
103, 21. ex 9999119 83,10.
um 7514.
occult 9113, 2. 99991119918, 3
occupanda 18, 8. -1991,99 1.
139, 4. 14111. 147,,1 -99968,
23. 7l,1. 96, 18. 999138 20
9190 19, 13020 9911310
113, 9. -auerat 112, 4. -999-
9191 148, 4. 9199 43, 2. 81,
12. (199911 -) 98,14. 103, 16.
·ati 147, 6. -9119 81, 7. 103,
13. -atos 69,6.
occupationem 82, 8.
99999999119,1. ·ere 102, 18.
-178,19. ·1'181,4. 108,13·.
-1199 139, 11.
999999 22,13.47,16. -19161,10.
9919911 (- equites) 33,13. 48,
991999 48, 17,
0919919999 4, 6.
99191313, 181, 13,
Octobres 186, 8, 10, 11,
999199 17, 21. -19 9, 16, 10, 8.
44, 17. 78, 17. -9999 74, 20.
·os 13, 18. 72, 18, 96, 2,
odium 91, 4. 94, 18.
9919991433. -1967,28,
969989996413. 91707
ο699994,2. obtuli 393 t-u·
1999134, 6. -1919991, 23.
[9169191119 14]· ·,99924 18.

Index uerborum.

offic1um1021. 19,14. 1242
-911, 12 28, 20. ·is9l, 19.
186,9, -98,47,

9199913217, -,.91402 162, 1.

91198, 3. 29, 1. 80, 21.

99111996, 12. 64, 2. ·119, 6.
999 91 19,

omma 14 2. 21, 6.118,8. 148,

8 9266801381389

14.,646.131,18. -18,7.,916,

11, 28. 18, 13819. 23, 21. 38, 13,

41, 22. 80, 19 82 19. 84, 6. 68,

12. 68, 8. 69, 16. 73,12. 74, 10.

bis. 8818 9239810 118 7.
997, 6. 1494224 28 46,

10.70,12.131,18. -espaasim
raptaretur mmpassrm-ibus

passim.

omn 9996 12,

onager 1432 ·gri43, 11. 89,

3,98,.4183,16.142,13.141,

21.-39196919, 161, ’magnos

133,2.143,11. ¹

9999 999 222

99991,,8 999161, 1.1 ·ere

opacitate 66, 18.

wmffl,9,

9999919988, 3, 75, 24. -atnr

83, 10. 144,14. -911 (1999191
126,8.

operitur 137, 8,

9999888.

opinor 149, 6.

oporteat 13, 3, 100,13. -999

94, 11. ·et 24, 23, 88, 2, 79, ι

6. 82, 1. 90,1. 132,1, 13311,

oportuna 19, 9. 18, 3, 99162,
9. -19 67, 8. 68,13. 84, 19.
113, 14. 131, 11. -9988, 12. .
(-999911991103,18,

oportune 19,19. 112,8,
oportuniorem 111, 16,
oportunitas 119,6,146,12. ex i
91916218.

‘'iiiiinisiffgf 119111 1isffiif

 

