Index uerborum. 221

pingebant 50, 6. 6161674, 19. 6111616166 (666611-) 156, 11.
pinnae 73, 6. 83, 6, -ibus 135, 4.
pinu 161, 4. podismum 40, 17. 81, 24. 98,
piscatores 10, 12. 16. 99, 12.
piscibus 153, 13. 162, 7. 6666617,4.71,21.[122,20.]·66
placuisset 44,14. -61111151,19. 76,2.-616(611-) 2610614219.
plaga (- caeli) 6, 10, -am 9, 661166166 44, 11.
2. 13,19. 16,16. 23, 20. -is polyptychis 61, 17.
(caeli) 6, 20. pomorum 132, 7.
6166633,16. 79,20. 96,21. Pompei Magni 13, 20.
—is 67, 16. -ο((16-)129,19, 66666 109, 15, 20. -61166166,
(111-)129,3. -urn (66111161. 16. -611611111119, 20. 53,9. 97,
planetas 168,’ 12. 23.-6116111148,16.·61611161·116,
616166145,12. 9. -1100, 13. 107, 3. -11108,
plebem 7, 3. ·1667,23. 12. -116138, 21. 10214104,
’ Pleiadum 166, 3. 12.109,17.130,7.141,19.
2 plena (legio -) 36, 7 et 39, 8. -untur 68, 22. 83, 13. 100, 6.
, ·o (- gradu) 13, 6. (gradu-) 147,2. posuerunt 111,16. po·
67,14. -os 168,16. -um 32, sitam58‚8. 666116647,18.
ξ 1481, 6. vaide ad. 6661111161. 666111622,16.84,
, pleniorem 110, 5. 9. 666116 48,21. 6666664620.
plenissime 32, 1. 74, 13. pondus 7, 11. 20, 8. (- armo-
61661166663, 18. 92, 20, rum) 114,11. -6116 14, 19,21.
l plerique 11,21. 666. 5219. 111,16. 1r,s. -011141,o.
110,5.111, 15. -ere 16, 1. 133,2. -616 143, 3.
plumbatae 147, 16. 61661192. 6666 80, 9,16. 142, 3. -1616
-as 47, 18. 67, 4. 97, 14. -16 48, 139, 1. 141, 19. -libus 14, 3.
8, 21. 141, 10. 161, 16. 69, 10161, 18.
61111669, 1034, 11. 42, 12, 47, Pontum 149, 22. “
8. 51, 9. 66, 11. 86, 1. 99, 6. poplites 16, 11.
106, 5. 116, 16. [121, 3.] 137, populosior 106, 1.
9. 138, 18, 21. 143,13. 161, 6. populus 149, 9. -i 6, 17. (pen.)
-a 4, 6. 36,6. 69,21. 72, 9. 12, 10 et 18, 6. -11166, 9. -o
74, 6. 75, 8. 117, 12. [120,14.] 66, 8. (dat.) 149, 13. -is 92,
143,14. 149, 2, ·ibus11,‘l.· 19. -66 65, 3.
18, 2. 66, 6, 16. 74,23. 104,10. porcinum (66661 -) 104, 12.
616116118614. 130,21. 168, 131,18, .
10. -orum 167, 9. 166317. porrige 109, 1. -git (se -) 109,
71,19.106,8. -66101,21. 6.[661666116122,3.] “
6166166616, 11. 7,’16. 16, 13. 66116 25, 3. (decumana -) 25,
27, 3. 28, 12. 34, 22. 46, 22. 86, 9. -66 130, 4. -am 130, 6, 10.
'. 16.90,20.96,11.101,1.112,17. -arum 93, 9. -6693,12. 145, .
· 132,10. 148, 3. 160,12. 163, 6. 7. -16 132, 16. 144, 17.

, plus 36, 10. 67, 12. 78, 7. [120, 6611611661 62, 14. landino,
’ lois] 11. -tandis 22, 3. -tant 23,
plutei 136, 7. 137, 11. ’ 13.40,1,4.140,5. -1661111
616111616910. -66 67,10. -as 59, 4. -1616 7, 19. 18, 21. 19,
169, 3. 12. 24, 6. 25, 23. 57,13. 60, 1.

l
1 ,

 

