Index uerborum.

10.40,17. 44, 6. 66, l3. 67,
·22. 71,13. 81, 10. 83, 1984,
6,66.6,6ωω6

6661161166(- peculium] 53, 3.

-i(erercitati0ne ) 73 12.

176

141, 6. entes 22 26. 66,13.
-61624,11, 97,6 -11131,2.
160,10, cesserint 90,20 ces·
s1t 334.

celantur4, 16.

casns162,6 6666 2410 (hoc 661661611161,19,61611669.

)-24, 20 6767 764112, 16.
27, 22 64, 12. (uno— -)1,07
19. (611666-11188 (quo-
ms··) 1302 (inhoc-) 145
9. n·1n(hunc)119,8 1-666
36,.,.,1656686.158,.1-ris
131,14.

66161166162118. 62111.
15. 22, 12. 46, 21. 47, 16, 49,
4130 20 134, 11. rs 18 14.
21, 7. 22, 10. 48, 10,20. 96,
6616116611 equites 114, 10.
-eqni116,2. -sintmili·
tes 161,10. ·os milites 116, 7.

cataracta 130, 8.

catenis 59, 8.
cateruis 34, 12,

Cato (sicut 611 -1 17, 2. 18,1.
(ille maior) 36, 8, (1116 Cen·
66166) 12, 13.

666616 144,13. ·auit 141, 4.

caudis 133, 18.

caueatur 148, 20. -endum 13,
19. 24,17. 81,13. 87, 9, 96,
4, 103, 21. 107,17. 152,4.
-etur 130, 4. creuissent 94, 3.
66616 s. 12, 18.

cauernae 144,10.

, causei 36, 4. -5 88, 10. = pro·
pter 53, 12. jas 91, l. 158, 2.
—is 43, 3, 62, 4,

causetur 8, 13.

6666166 (1) 137, 2.

66616 [26, 10]. 81, 20. -166 80,
6661616116, 14. 91, 10. 16316,
167, 12, 16216, -6 49, 21.
118,11. -66 76, 8.
cauti 86, 19. 103, 17,
cantione 160, 8.
cedant27,19. ·ens 14,4. ·ente

661611166160216161166
celeriter 13 '1, 9. 26, 10. 46, 3,
61, 5. 151,9. -1668,6.,,496
64, 19. 86, 10. 108, 3.
Celsus 1215.
Celtiberi 34, 11,
censerentur 34, 11. ·uerint
censu 44, 11.
centenarii 42, 2. 45, 10.
centeni 45, 13.
centones 143, 14.
11. 137, 8. 138, 16136, 16.
centnm 41, 18. uide mille.
centnm decem 46, 4.
6661661126, 5. 46, 1. -6 46, 6.
60, 8, -ae (pl.) 26, 7. 41, 19.
45,15. 82,16. ·arn 41, 16,17.
66 41, 9, 12. 42, 1. 45, 5, 12.
58,16. -1618,7. 46,6. 61,
19,83,19.
centurio (primi pili) 41, 8 et
64, 3. 46, 7. 116, 20. -cne
46, 4. ·onem45,14. ·ones
42,1, 4, 6. 42,16. 45, 9. 49,
4. 83, 5. ·onibns 26, 7.
cera 153, 7. 162, 3.
cernat 78, 10. -imus 128,1.
·itur 94, 9.
certabat 13, 22. -atur 72, 6.
616166 18, 6 nturi 94 7.
emt 32 9.
certarnen, 1- publicum] 88,13
611121, 6]. 93, 5. 95, 17. 149,
8.161,.6 -166(-661161616)
6,2.86,6,114,13. [(publico
—-)l23, 1].157,8. 163, 6,
-161694,14.108,4. 150,15.
-ina 135, 16. -161666 90, 11.
-inum64,17.
certe 67, 6. (an -) 73, 3. 661
-; 22, 6. 77,17, (aut-certe)

666,

 

