222 Index uerborum.

·teret 50, 11. -10145, 1. 59, 5001 (pr.) 5000110.
9. ·10180,7. -1010159,15. 5010112821. (-000011010001)
-10001001 91, 13. ⁶2,11.65,18.89.2.91.23.92,9.
5011100057, 7. 98, 8. 102, 2. 101, 8. 111, 20.
501110 149, 6. 115, 18. 116,15. 128,9. 158,5.
5011110 155, 12. 160, 15. 500101101ἰο 154, 3.
5001110 43, 4. -onem 154, 1. 5001010 141, 3.
50000 4, 11. 37, 2. 65, 24. 82, postmodum 17, 2. 115, 6.
4. 86, 11. 89, 5. 91 , 7. aliud postquem (00101111. err.) 54, 4.
sibi licere 000 50000 110, 22. 5001101110 57, 19. 81, 8. 86, 2.
-00001 15, 8. 29, 6. 45, 9. 112, 140, 0. ·
1. -0001 27, 22. 45, 4. 49, 1. 06 postremum 11160 ed.
codex P(id quod V. L. adicias 5001011101 21, 10. -01 68, 3. 80,
0011111)52, 1967, 19. 116,10. 21. 110, 4. -0000122, 18. 149,
V. Ι.. 123, 15. -0010100 79, 8. 17. ·00011125,3.26,9,117,13.
-00101 V. 1.. 5, 21. 13, 16. 23, potentissimae 127, 13. .
19. 26,10. (10160 500011) 59, 50100100 (0000010110 -)66,1.
6. (quid 01110 - hebere) 88, -0110 89, 7. 120, 7. -01010 42,
1. (60000010100010610-0000 1561, 10. 72, 20. 102, 5. -010
50110011) 88, 5. 130, 14. 147, 145, 8. 149, 3.
13. -0010101,17. -00116,22. potiorem V. L. 88, 13. 88, 20.
11,18.12,4.23,9,20.24,18. 5011100 63, 2. ,
28, 8. 46, 17. 47, 8. 52, 10. 56, 501100 66, 21. [122, 18.] ἢ
15. 67,22. 72, 0. 81,11. 8211. 50100 67, 6. -110 148, 20. -um
(05001010189,11.99,14.102,10, 135, 6.
18. 103,17, 108, 13. 109,13. 51000110 142, 5.
111,8.117,17.123,15.129,14, praebebantur 69,13. 5100000-
21. 140, 10. -00001 5, 21. 22, ds(ad-terge)110,13. ·bent .
4. 33, 17. 58, 15. 59,1. 63,13. 79, 24. 1
85,10. 100, 20. 147, 22. 501- praecorrebant (— 00) 76,18.
010132, 5. 5010110106,10. -01111 1- 01) 27, 11.
109, 10. 501011151, 6. 68, 23. praecedant 16, 9. praecedens
poterunt 99, 13. 50100 103, 2. 32,17. -eutem 113,17. -00100
V. L. 107, 13. 501001 poesim: , 40, 10. 49, 11. 112, 2. 158, 6. ,
cs. 107,13. potuerant 49, 12. 0010013621. -006010 01150
110, 16. 50100110152, 21. 97, 78, 12. -00610128, 1. -00611
18. 5010011087, 7. 5010011117, 6, 9. 38, 6. 113, 14, 22. [121
15. 19,18. 108,15. potuerunt 12.] -006001147, 22. -oesre-
29, 9. 114, 3. 15012. 50101000 110177, 21. -000011 113, 20.
7,3. 501010000191,11. po· 5100001100178,19.
10100015, 13. 13, 23. 501011 51000050 91,5. perpraeceps
112, 20. 128, 5. 141, 7. 133, 3. praecipitia 90, 5.
500000010 68, 17. praeceptione 128, 10.
500000001εο 131, 14. -11100 11, praeceptum 40, 7. -194, 22.
12. 69,1. -um 89,8. possidere ·o 42, 22. 66, 8. 149, 4. ·0 36,
95, 11. possideret 128, 9. 15.42,16.63,14.85,4.88,3.
-det 99, 1. 154, 11. 123, 7,

5001 (ado.) 87, 19. 510001600101151, 12. -eide-

 

