Index uerborum.

84,1.152,.6-,-1111089-111
108,13 ’
1111111138,10.128,5. -5100,
14.-1127,20,159,14.

diuinitatis 50, 15. 53,19.
diuinitus 52, 15.

diui (Gratiani) 21, 6. (- Au-
gusti atque Hadriani) 37, 10.
-ο (Traiano) 36,14.' 1· Ve-
spasiano) 39 28.
1111111111116816.-115,16.
1111111117 4,12.

(1111111181, ’110 -ο2,.47

1111111124, 16. 67, 33.
doceantur (= 1111111111) 19,11.
88,.4 ai (7) 17 33. -emur
81,21. etur (-11111111111)48
6.11’1111“11’11158,111782111
·111111115,5.1110111 (cum
1)6720 -,ε111111416. -ere
5,.18 8, 18. 12, 4. -,ere143

14 doctos 56, 6.
doctissime 46, 9, 19.
’ 1111111111116, 11. ο-1111119, 20.

111111(1111111111111)17,11-1111
64,7. --111 1111011111)16,10,

’ 1,717.

(1111111114, 5. (11111011111--)
1 12 ,.3 57, 21. (pugnandi-1
83,4.123,10.159,17. 164, 9.

¹ —inis 89, 1.

1 documentum 35 15. 128, 7.
1111111111 59 16

’ 1311111111012.

1111111814.
dolum 140 12. 145, 14. -,068

21. -185, 16.
[domare 120, 6.] 1111111164, 5.

’ domesticus 8917. ·,al514.

³, dominatur 93, 4.

domin111,14 033, 11.
domitori 32, 11

domum 151, 3. orum 132 9.
—ibus 144, 5, 17. 150, 21.

1111111111 52 16. 11533
(1111111111003. 4111101111.
1131911111405162,13.

187

draconarii 21, 20. -is 45, 2.
os 40 5.
dracones 35 8 45, 1. 73, 5.
drungos 100, 12. 104, 3.
11115111561.
sine dubio 95, 2. 109, 8 110,
10.145,3.163,12.
(1151111110351111111118710.
ar1(numquam 1111111111.
11[)73.111(1111110-111111
acc 1111111111)148,13.11-111111
5,17. 11011111111111111,

ins.) )88, 20.
dubitatione V. L.99, 12 -onem

(1111111117 20. 70, 5 129,18.
-111111165, 25. ebat41, 13.
-111111 101,12. 11111888. -ere
7,7.820.129,7. 118813.
1111110113.128,16 146,11,
-uni 38, 21. -1111111 34, 16.
(111111111121577,.4 11111
36,24.-11111136,9.1111111
24,6..26479,20,,.,83291
11, -11144, 7.

ducenarium 41, 13
(1111111177, 7.

ducor 73 6.

dudum 19, 4. 33, 2 ,148 7.
(111111111110 10.

(11111194, 10 -1135, 13.

dum cum praes. ind. 4,8, 10.
11, o, 11 011, 12 15, 22. 22, 7.
32, 16. 70, 11. 93.9. 101, 8.
114,.1 -1111111111111111201,
dummod0101, 20.
(1111117025.

dumtaxat 13 4.

(111ο33, 13. 66, 5011. 120, 16.
155, 6. duae 19 4. 37, 1. 79,
15. 137, 13. -orum 75, 6.
-11111185,4. -11111197, 4, 16.
143,.5 11-1111139,1.1111520.
34, 3. 41, 3, 13. 108, 7. 131,

11110 1111111 65 3. 99, 4

duodecim 154, 3,
duplares40, 16, 19. 41, 3, 3.

 

