Index uerborum.

61666 15, 97. -615,8. 17, 7.
-as 14, 21.

clauum 161, 9. 164, 6. -1680,
8.151,5. -66 133, 10. 151, 8.
claudenda 76, 8. -dit 96, 9.
-clnnt 113, 11. -dnntur 157, 3.
-6616 199, 9. -si 110, 90. -616
110, 8. 136, 5.

claudicarit 11, 8.

Claudius 18, 9.

clausurae 149, 2.

clementia 127, 17. -66 198, 6.
w4mQ2
clepsydram 84, 1.

6116666111 116, 3.

clipeumue, 11.

6116695, 16. 199, 90. 134, 21.
cliuosis 27, 20.

clunibus? 10, 7 n. V. L.
coactis 69, 1.

coaequabunt 60, 91. -quari
6111314111 166, 11. 666616.
r ..66,- aar· 66
16. 146, 18. -unt 91, 9. coe-
61666, 91.

6611665315. -0s59, 15.

cogas 93, 91. -6146, 13. 131,
16. -61619493, cogebantur
20,2. 57, 5, 11. -6616197,
91. endam 6, 5. -666190,9.
(6(1-, 6166161666116616 cae-
dere 611.) 70, 94. 97, 7. -6616
66, 5. -ere 46, 91. -6166161

177

38,16. 45, 6. 47, 9. 50, 8. 53,
94, 64, 5. -166 95, 7. 38, 4, 99.
44, 10, 14, 45, 1, 4. 63, 9, 91,
93. 54, 4, 9. 59, 4. 150, 6.
-11666 9, 8. 35, 7. 39, 8. 60, 4.
-166154,19.
cohortales aues 139, 9.
cohortarentur 44, 19.
colenda 37, 19.
colligant 90,11. (- campum)
118, 5. -6161 137, 3.· -6661
119,1. -endum 193,9. -entes
de 63,6, -616 74,93. 77, 9. ,
·66 107, 4. -199, 1. 133,16.
134,11. -1179,19. -1161148, ,
5. 15315. -661135,19, -un
tur 65, 11. 139, 99. colleg(
rint 143,1. collegisse 139,10.
66116616670,8. -6 65, 1. -616
7,90, -1 70, 1. 11615. -16
10,8. 93, 10, -os (in 66616 -l
87,19. -6148,19.
colligatis 79, 93. -os 80, 3.
66111618,93. -66 33, 15. 119,
3.118,14. -166666, 18.
66116666161139, 6. -are 131,
15. 61666661. Ι
661611599. -e 153, 5.
columnae 144,1. -16144, 93.
comes (maior) 66, 3. 89,16.
-1116 67, 9. -1166 86, 18. -i-ti-
66683, 14. 101, 9.
6616116616 48, 17. -antes 73, 7.
-616193, 3. -6616156, 6.
6661111666 611161 ordinis 49,13,

16,13. 99, 13. -1161 14, 4. 66666666166157,6. 166684, 22.

-untur 22, 5. 41, 6. 169, 5.
cogitanda 85, 7. -1616 90, 15.
16153, 5. 71, 7. -166191,17.
·tet 119, 8.

cogitationibus 87, 4.
cognoscat 71, 19. -616 112, 90.
160,15. [† cognosci 90, 14.]

-it 149, 15. -116199, 9. [66-
gnoueris 122, 15]. cognoui-
mns 11, 9. cognitis 147, 9.

cohors passim. ·tis 41, 14, 19.
-1661 39, 12. 42, 5. 54, 1. ' -te

Vncrrrus.

commeatus 52,4. 80, 17.,84,
16. -1’1s(occ.l 131, 19, 153, 9.
-616 59,9. -668,3. -166670,16.

commemorandum 94, 16.

commentarios 85, 1.

commerciorum 69, 99.

comminus 6. 15. 49, 16. 56, 4.
74, 7. 115, 9. 161, 19.

committenda 11, 3. -616 40,
15. -1161105, 3. 160, 20. —un·
16184, 3. commisso 45,3.
49,7.

19

 

