232

11111145, 15. 54, 9. 55, 3. 66,
11. 113, 10.

rusticam 7, 3. -17, 19.

rusticitas 75, 7.

11111111 169, 6.

rutra 59, 15.

S.

11111153, 10. -i 53, 9. ·0 53,
13. -1191, 13.
1111111139, 17.
sacramenta 36, 7. 37, 16. -ο
68, 8.
sacrilegii 39, 15.
saeculi 197, 10. -11 36, 19. 93,
saepe passim. “
saepibus 95, 90. 83, 9.
saepiuntur 137,6. 1111111391.
saepius 37, 6. 66, 19. 68, 4.“ 85,
15. 86,Ι 8. 91, 93. 108, 99. 111,
7. 163, 13.
saetae 183, 18. ·is 98, 5.
saeua 67, 1.
saeuior 68, 5.
saeuitia 157, 5.
saeuiunt 155, 9.
saga 130, 99.
sagacissimos 146, 9.
sagitta 148. 7. -1144, 9. 106,
13. 139,17. 147,18. 169, 9.
-arum 181, 1. -11 46, 18. 48,
13. 70, 17. -1118, 1648, 11.
49, 90. 56, 18. 59, 6. 69, 19.
97,17. 117, 9. 139, 90. 137,
16. 141,10.161, 15.
sagittandi 198, 13. -do 88, 5.
-111 17, 99.
1131111111161111.) 91,18. -i 17,
wwwstssmwm
56, 16. 96. 15. 100, 8. 139, 6.
141, 9. 149, 18. -11 (adi.) 76,
19. 78,18. 86,1. 97, 10,19.
108, 16. 116, 5. arum 19,13.
21, 13· 130, 181 '0⁸ 18, 71361
10· 1081111 13⁶, l· *um (adi.)
8, 17. =

Index uerborum. ’ ·

sagmarii 43, 8. 76, 3. -is 76,
effigiei, 1, 13. 111111.
-is 11, 11.

salitio 19, 17.

Sallustius (sieut ait -) 8, 11.

(- 1111111119-’1 13, 91.

sallusti, 8. ·1“11 (pl.) 56, 10.
-um 13, 13. ·u 13, 17, 91. 56,
mmffiQa

1111111181, 14. 1139, 11.

salubritas 94, 16.

11111 10, 17. 89, 9. -111 144, 4.
164, 5. -tem 198, 8. -115, 3.
51, 9, 58, 10. 79, 6.

salutare 24, 9.

sambuca 141, 15, 17.

“ sameare V. L. 46, 99.

8111111198, 11.

sanatum Spiritum 37, 17.
111111111619. 99, 5. 135, 16.
-inem 6, 16. -inis 6, 14, 91.
sigilla} 11, 11. -aus 11, 4.

-2121167, 3. -atem 67,13. 67,

. 1111111614.

sapientes 75, 5. -11111 85,14.
-11 91, 9.

sapienter 79, 4. 96, 10.
sapientissimo 110, 3.
Saracenas 193, 16.

sarcinis 57, 15. 89, 18.

Sardiniam 149, 90.

sarisas 116, 3.

sarmenta 144, 91.

1111194, 9. 109, 19.

1111111157, 1. -ο 169, 6. -157,
9.98,4,6.139,91.143,5. ¹
,147, 1,18.161, 16. -1111111137,
-6.143.3.-1169,6.69,19. .
134, 17. 139,7.148, 10. 146, 6.
sauciat 15, 94.

scaenici 58, 7.

scalas 159, 18. -1159, 6.

1111111180, 6. -is 164, 9. j

scalae 148, 3. -111111141,19. ’
-11 199,11. 131, 5. 138, 91.

 

