, 10.

1

Index uerborum.

fulgidus 159, 9.
fulmine 141, 15. -is (more)
143, 5 et 148, 1.
famo73, 19.
1111115 56, 21. 98, 3. 518. 13,
15. 70, 18. —am 18, 21. 57, 3.
·ae (pl.) 142,14. -1111111 18,
10. -as‘48, 12133, 1.143,9.
4118, 9. 19, 1. 69,19. 98, 5.
116,18. 137, 16. 147,19. 161,
fundamentum 10,19. -a 44, 7.
137,11. 141,1. 144,19, ·is
129, 9.
fundantis 129, 4. -'are 127, 15.
-atur 39,8.
fundat 101,10. -atur27, 7118,
8. -ebantur 112, 5. iasa
118, 16. fusis 90, 4.
lundibulatores 97, 24. 98, 1.
funditores 18, 19. 22, 22. 35,
10. 48, 11. 49,10. 56, 15. 97,
ἰ4. 98,4. 116,18.141,8. ·ibus
lanes 141, 19. 142, 10. 153, 6.
163, 15, 164, 3. -ibus 59, 8.
80, 9. 130, 8. 133, 17. 134, 15.
140, 5, 16. 142,14. 143,14,

1101100159 4.
000510111

1 ammfflmmaffi

l
l

laamfflmffiwffl

amaffmmma

1 l· 143, 9.

1

1
1
1

lastis 98, 2.
laturi 94, 13. -is 36, 19. in
futurum 79, 8. 96, 4.

Gaius Marius 92, 12.

*mmmmmane
. ementem&

20. -as 21, 16. 22, 13. 49, 3, 5.
galeati 161, 10.
galiarios 14, 14. 77, 5.

iffi

Galli 34, 11. 146, 6. -011111 5,

ὦωωωωῃη

gaudeat 159, 8. ·emus 86, 4.
·ant (intellexisse) 123, 19.

geminabit 118, 7. -111 135,19.
-atur 68, 18. -ata 157, 5.

gemmarum 16, 19.

generat 67, 7.

gens 6, 9. -tem 6, 9. -tes 86.
20. tium 32, 11. 72,10. V. L.
157, 9. Ι1511134, 4. 66, 4,
genu 48, 21. -ibus 22, 16.
10111127, 13. 33, 11. 40, 10. 50,
13. (armar.) 55,14. 105,10.
108, 4, 114, 6. 131,18 144, 8.
-eris 23,10. 1-111111111 32,
11. —i humano 37, 18. -e 11,
3. 14, 17. 15, 25, 16, 2. (ar-
1101111121, 1. et 23, 21. 27, 5.
38, 7, 44,“11.58, 14. 59, 22. 80,
6. 98. 9. 106, 4. 107, 1,17.109,
7. 110, 16. [123, 5.] (armorum)
123,8.138,21. 146,11.· -1 7,
21. 10, 22. 25, 25. 33, 14. 43,
11, 20, (armorum) 44, 3. 72,
13. (armorum) 87, 18. 105, 7.
115, 20. 131, 8. 150,13. 161,
4,14. 162,6. 163,6. -ibus
143, 5. 145, 6.

Georgicis 159, 14.

Germanorum 5, 13.

gerat (praelium) 3513. [122
9,11.] -ebatur74,18. endam
68, 13. -dum 64, 21, -it 71,
8. -itur 74, 13. -unt 114, 10.
-untur 74, 33 gessisset 32,13.
gestas 12, 6. gesturus (proe-
lium —) 160, 12.

gestabat 23, 5. gestat 159, 5.

-are 7, 7. -auerit 22, 3.
gestiendo 56, 12.

gestias (pl.) 8, 18. -um 70, 19.
gladiatoribus 15, 2.

gladiis 14, 21. 23, 16. 48, 8, 11,
2049, 16, 56, 3. 100, 24. 107,
16. -0 159. 46,9. 82,10. 116,

13*

 

