, 248 Index usrb. Numer. siglo: Supplem. indicis.

-111180,18.106,6.108,.2 23. -,11170 10. ·,1116 16.
[11111]111,11.111,1.11111,.1111,’.11-’,1111111.
9. 1111111028.11161111411.116,17.117,6.
111111111136,16.111119,1694,9.169,.6-1111
1111111-117,1. (1111111111 110,19.

uelprogrsdi 11 certo regredi) usitamus 164, 11. ,
73,.,.3734 -(1,,1)781617,
11,11.11,11,11.11,1,1,1111Χ·

11, 12169, 8,.9 utium=num Xanthippi 64, 2.

11,18.(-· 111111)11, 29. 88, 2; Xerxis 66, 2.
1111111111111111.
111111111111. Z
111111111111122,17. 111190, zephyrus 166, 1.

13. ·,111161 22, -111176, 19.

-sto 116, 8. X (Um)

11111116, 16. 18, 17. 23, 19, χειμαζων 168 7.

Numerorum sigla.

11111111. 1111111111.

111111. mss

v1.11>1,s. 1111111 11, 11, 11, 11, 11
11111, 11. 11, 1,,1 1’, 1.

111111. (1111111111, 11.

11111111. 11. 41, 11, 11.

v111. 11, 1. 111, 1, 1. 111111

11111. 11114111.
11111111111111. 1111111111, 11111111,
11111111. 1,1,1,1.

111111. 1111111111.

11111111 11, 1.

Supplementum indicis.

ι111(ρ1·.,)66 21.111111147,12.

antiq 11 ff(1sbst)8, 4. corporibus 19, 18.

arbitrio 168, 12. dextris 29, 3.
111117823611124.) 6111111161, 22. 98, 6.

osput 38, 12. Diocletianus 19, 8.

ciuitatis 138, 2. dirigit 98, 4 -11198, 6. -11111
«1111111161, 11111 fis 163, 2. (port, 11111 odi.) 147, 19.
1111198, 3. dispositionem 122, 16.

cornu (pso misr) 61, 21. 111111(111111-)78,1(111119).

-·-*——

 

