198

iactandos 70, 18. -antur 137,
20. -are 17, 10. 57, 2. -tent
iacula 17, 9. 161,16. -is 58,
15, 141, 9.

iaculandi 17,14. ·do 88, 6.
0111115820. -atur 143, 4. 148,
10. -entur 147, 4. -etur 46, 8.

iaculatores 141,10. -1511118,
2. 97,10.

Iadertinae 150, 19.

111118, 11. 13, 7. 19, 19. 23,10.

·“ 24, 6, 55, 4,12. 589. 103,12.
105, 3. 118, 161365. 149. 7.
152, 6. iam uero 67, 7. 78,17.

Ianuarias 152, 2.

iapyx 155, 3.

1111 104, 6. 106,15. 108, 21, 109,
19, 20, 11018. 112,16. 135,
1. 144, 10. 161, 19.

ibidem 52, 17. 113, 10.

ictus 23,15. ·1'1s (11115610.
129, 8. 161, 13. -u 8, 20. 17,
12, 18,18. 102, 27. -um 19,
15. 48, 1. 117, 9. 134, 21. 147,
11. -ibus 9, 2.

idem 7, 21 511, 13,10. (1100 -)
20, 5. 36, 13. eadem 130, 9.
-0111111110111150, 17. easdem36,
17156,11.01511011152,6.69,14.
isdem 35, 11. 59, 9. eodem 42,
17. 151,15. 67, 23. 100,18.
eosdem 46,21. 79,9. idem
(pl.) (V. L. item) 14, 20.

ideo passim.

idoneus (01111 dat.) 67, 4. -0 106,
8. -1111111, 4. -os 11, 15. 75, 1.
77, 6. 84, 4. 112, 20. 132, 12.
-a 69. 2. 84, 16. -ae 152, 14.

idus 156, 7, 8,11. 1572511110.

11111111 116311· 11

. , , . . . .
101010150
loeo enuntiati: 32, 9. 64, 9.
153,17.

ignara 75. -1110,5. ·0193,19.

1111111017, 5.

ignauia 83, 7. 94, 15.

Index uerborum.

ignauiores 79, 14.

ignauus 11,6. -ae 87, 1. -orum
102, 26. -os 6,8 93, 3.
igneus 159, 10.

ignis 144, 23. -ibus 130. 4.
147, 9. -ium 162, 4.
ignorantes 113, 7. 144, 18. 147. 1
8. ·ibus148,10. 162, 8. igno·
111 (111111110-) 8, 6 et 18, 19.
11110111]11175,10. [ignorauerit
110010011014, 6.
{ffissffffiffsszssffQssffz
13. 113. 4. [119,17.] -ξ 15,
26. (ρὶ.)64, 17. (- quae) 90.
19. (- quod) 95,17. (-· quae,
113, 6. [(111) 120, 8.] 136, 18.
140, 17. -1111(-1(11011) 17, 20.
49, 6. (-111152, 1511156411
76,9. (-110)77,15. (·- 111)
01οε1 101111. 1-11) 11111.
(-111)116,17. 139,13. (- 111)
146,111148,19. (-110)152.4.
-ius 87, 2, 106, 14. 107, 7, 16.
108,13, 14, 109, 2. 139, 5.
148,11. ·i (nom.) 12, 6. (-
011111011141110111. (—
quorum) 72, l. (— qui) 135.
17. 138, 6. (1101,)102,18. -11111
15, 7. 17,9. (-0111)25,5.
10414, [111, 11, 18.] (— ad
quem) 141, 2. -11111 (-1111
ἓὛέῧὲᾞῒῇἓ
13. 129, 2. -515,8. 16,12.
(110) 66, 11. 109, 14. -ae 84,
17. -0111111 138, 9. -is 36, 5.
37, 1. 53, 6, 7. 67, 3. 7820.
89, 11. 90, 4. 93,18. 102, 15.
108,12. 127, 18. 143, 15. -os
11, 1111111. 50. 10. (- qui)
6518. 78, 17. (-111101) 107,
2e1111,20. (-- qui) 114, 3.
(- quos) 119, 9. 129, 17.
Illyrico 19, 3.

imaginarii 40, 1.

imagines 38, 9. 39, 1. 40, l.

 

