Index uerborum. 171

aquatoribus 13120.
1111111144, 23. -ae (dat.) 41, 9
(nom.) 73, 5. -am 38, 8, 24.
aquilifer 45, 1. -i 39, 24.

aquilo 155, 5.

aranti 7, 23.

arbitrio (ex-) 103, 2. (pro -)
109,15. [vm (ad-)112,14].

,³ 115131101- 10, 14. 53, 20. 123, 9.

14 , 18.

49, 19, 20. 91, 15. 111, 1.
grauis 47, 15. 49, 14, 17.
11911 11111. 119. 191, 3.
10810. 112, 4. 116,12. -19
(qen.) 1, 11. 11,11. 4119.
grauis- 58, 22. 70, 19. [123,
17.] -11 (nom.) 16, 8. 40,15.
49,9. 55, 20. -11116,3, (grau.
-) 35, 8. (leuem -) 35, 9. 55,
19. (leuem -) 108,11et [121,
20]. -11 16, 5. 48, 8. -is 97,9.

, arbores 151, 12. 152, 6. -ibus armatus 74,8. -1 (1.) 83,11.

3 (abl.)86,5. 113,11. 133,7.
· -um 66, 18. 83, 3.

= 1111111113, 18.

1111111146, 6. -11128, 8.
architectorum 151, 16.
miurus 156, 9. -1 156, 4.

g 11911111144, 2.

² arcuballistae 142,13. -11148,
13143, 9.
111151111111111141, 9.

-1 (9118113. -11 (partis)
32, 1. -11111111111111 -) 9,10.
(ciuitatem -—) 60, 1. -1 20, 2.
27, 13. 17. 48,10. 59, 5. 74,
6. 85, 18. 140,18. 142,10.
-ο1111134,10, 13. 39,10. 69,
2. 76, 8. 110, 7. 117, 4. 139,
13. -9157, 15. 78, 11. 87, 9.
99,14. 102,15. 132,15. -111
101, 22. 153, 10.

=. 111111(9111.)80,10. -1121,19. arripiant 76, 3.
-11117, 18. -11511117,16.48, 111 5, 8. 8, 16. 56, 14. 85,13.

11.147,18. ·

1 ardens 140, 3. -1111139,18.

, 162, 2. -re 162, 5.

¹ ardore 164, 1. -ibus 6, 18.

1 arduis 20, 10. 27, 20. 69, 12.

¹ 11911132, 9.

’ arescente 152, 3.

1 argentatis 49, 5.

argenti 15, 19. 144, 12. -ο 73,1.

1 {6166}me 7111 ²10'

¹ 1 · 1· .

ἵ aries 196,14. 143, 15. ·tis 163,

11. —tem 138, 22. 143, 21.
-tes 43, 11. 5919. 1366143,

1 13,17. 144, 2, 147, 8. -tum

129, 8. 136, 16. -115111 130,

1.144,3.

, 1111 passim. -orum passim.

-11 (dat.) 7, 3, 11,14. -11 (abl.)

’ passim.

armabatur48, 14. -udum (ad

-) 58, 18. -1191111 65, 3.

armamentorum 163, 6.

armatura leuis 35, 5. 48, 7.

(- militaris) 91,22. (- belli)
103, 20. 112, 17. 151, 16. 153,
18. 161, 2. -tis 10,11. 32, 4,
85, 1. 88, 1. 164, 8. -11111
(omnem rei mil. —-) 14, 9. 17,
22. (omnem -1111111111)
46, 10. (- bellicam) 55, 17.
(- proeliorum) 63, 6, 12.
(- bellicam) 86, 19 et 88, 20.
142, 16. -te (bellandi - 15,
13 et 16, 9. (militari — 16,
16 et 37, 9. (1111911111-)44,
189167,20. 48, l. (-611111-
di) 50, 19. 64, 4, 12. 67, 8. 71,
7. 73, 1. 89, 4. (·· pugnandi,
92, 13. 107, 5. 111, 2,10. 115,
9. 129, 6. 131, 4. 136, 6. 138,
18. 149, 1, -19158, 1, 11. 63,
13. 88,17. -11111110111111 -)
4,1. 63, 3. (-591119111111)
148, 17. ·1151115,17. 92,17.
149, 6.

artifices 1111. 49, 19. 111.

59, 11.

 

