Index uerborum.

labyrintho 75, 13.

205

litus 15, 23. [ere 122,6.] -811

Lacedaemonii 12, 7. 89, 9. -118 93, 18. 116, 9. 100, 10. 137, 5.

63, 4. -orum 64, 1. -os 28,
10. 63, 1. -um 64, 7.
lacerti 161, 9. ·is 17, 13.
lacessere 14913.
Lacones 101, 7.
laeum 109, 11.

1111111815, 10. 76, 7. 106, 1.
109, 2. 129, 13.

laudabiliores 71, 99. -us 16,
ldddundos 63, 12. »atur 44, 90.
-818811110, 11. esse laudu-

laedantur 77, 10. ·ebuutur tum ll, 1.

116, 5.
laetus 159, 4.
118118 uide dextra laeuaque.
ἵ laeuigantur 133, 8.
lauceae 147,17. -as 116, 14.

¹ -is 96, 16.

lanternis 140, 5.
¹ lapide 18, 13. -es 18,8, 15.
, 4811. 1818. 881. 13813.
143, 9. -11111819, 1. 56, 18.
Ι 98, 7. 116,18. 130, 9. 131, 4.
138, 3. 140, 8. 141, 9. -is 18.
¹ 18. -um151‚1.161,13.
l lapideas 138, 17. -180, 9.
1 lapidosis 18, 22.
lapsu 138, 18.
. laqueis114, 11. 143, 11.
luigo 6,19.
larice 151, 4.
laridum 139, 2.
lassis 78, 16. 119, 12. -os 93,
20. 1111194, 5.
lassitudinem 14,19,
lateant 153,9. -entibus 160, 16.
[latenter 122, 19.]

laude43,14. 58, 7. -em 41,1. ,
43, 1.

laxamento 77, 9.

1118111149, 1. -ent 26, 14.
lectissimi 93,18. -is 76,11.
104,13. -88 101, 1, 99.
18818818, 7.

legati 42, 7. -ο49,14.
legebant 77,6, ·ebuntur 22, 25.
-ebatur 43, 13. -eudi 6, 7, 90.
8,10. 99, 10. -eutes 45, 8.
-ere 81, 11. 85, 2. -i 8, 3. -11
11, 11. legit 39, 90. 1881118Ι
58, 8. -etis 37, 11.
legi034,5.36,l,14.39,8.43,15.
50, 1. 59,11. 53,11. 54, 14, 57,
17. 58,13, 59, 8, 22. -8111116,
14. 373. 38,9, 13. 3914. 41,8,
11.49,13,19.44,93.47,7.50,9.
51,14,55,11.64,15,-811133,19.
-Μῆ4ἢωηωῇ
49, 54, 6. 6. 59,9. -0nem 49, 94.
44, 1050, 9. 65,99. -ones 19,4.
22, 10. 34, 3, 13, 16. 36, 4, 24.
37, 2. 42, 8, 19. 53, 90. 5616.

1111811881, 11. -rbus 148, 8, 64,8.87,18.81,11.115,1.148,
Latina 154, 5. 16. -onum 35, 18. 9, 8. 22, 26.
latinorum 33, 5. 34,3,84,1ο.88,11,81111418,
latior 18, 13. 184, 3. -a 81, 3. 11. 31, 8. 33, 418. 3811. 51,
-es80,5.116,11.152‚9. -ums 8. 84, 11. 718. 1811. 8311.
24, 93. 80, 18. -ne 117, 10. legionarii (equites) 33, 11 et
[141111811111813] 348111. 111181. emm
latissimae 130,13. -um163,18. (equitum-)42,22. -oe (equi-
11111110138,14.—111181,23. tes -) 35, 11.
1111111413. legitim125,1⁷.-152‚13.-o
1111881, 18. -115.1e,1e,21. 1811.
89,19.137,3. -ae 138,16. -am 1811111195, 4.
Ι89, 19. -ο 10, 5. leporibus 144, 9,
1u lutum 97, 1. 99, 7, 9. letale 1816.

 

