ffiss

qnasi 15, 9, 12. 24, 4. 45, 17.

48, 22. 50, 9. 53, 2. 87, 19. 94,
14. 106, 6. 107, 7. 109,1. 15.
111511555111172 (c. 11155111.)
118, 7. 129, 20. 150, 8.

quassata 44, 1.

(15515555 5. praes. 5511159,
90, 11. 104, 4. 5. imperf. coni.
45, 11. 124,1, 51551111. 159,
quaterni 8320515. -0s 152,14.
(15511551 37, 13. 41, 9. (— mi·

,Index uerborum.

mmmmmmmn1ffl,
mumnmummuw‚
mmmmmmuffim
mnmmummulm‚
5551555555

9, quicumque 163,10. (155655111-

(155143,1. quocumque 59.
21. Ι118, 19. quacumque 68,
21. 72,18, 137,14. (15555515-
que 5, 20. quibuscumque 10,

mmmnmmmmnuqmmqmqummuffl

121541.

(155 passim. que - 511 seque

51 milites 13, 29. seque 51

{guis 67, 18. seque et 555
, .

(1551556155 ( , ,
nmmmmuammummmummuffi.

mmmmnmumm

quummqmumu
nummaumnmnm,
mmm

quiduis 51, 6.
(151515 155, 8.
dum .. 11,) 46, 1 Quinctio Cincinnato 7, 23.

15.

-ωωωωημψψωωπ

115) 138, 6 51 141, 18.

quempiam 54, 1.
(15515155154,4. 551
15.152,15.

qui, (1555, quod, cuius 515. 1155-
5111551341. 72,24. 91,8.
104,16,18. 123,15. 137, 1,
11. 143, 7. 551 quae 8, 9. hoc
551 in (155 10, 17. subita (scil.
sunt) quae 76,17. 11551515-
11111111111121

(151555 9, ⁴8. 19,11. 152,15.

-as 47, 18.

11555121, (111111411535555 13815.
qumquugmtu qumque 42, 6,

mn

quinque 13, 4. 38, 21. 41, 19.

55555555.

uinta decimu 151, 11.
quintus 121, 21.] -5 38, 19,
20, 21. 47, 12. 108, 10. -u 97,
munnmwu

quippe 24, 3.

mmmmwmmm‚mmmmmmmm
munmmmum‚mmmmmmmmm

22. 143, 7, 20. 15812. qui =
(151585, 22 bis. .

(15154, 2. 6, 16, 18, 20. 33, 10.
38, 17, 20, 24. 39, 4, 7,19,21.
40, 9. 41, 5. 45, 2. 47, 15. 50,
2. 51, 1154, 22, 24. 57, 3. 66,
10. 75, 16. 83,13,21. 86,15.
91,12,19. 98, 18. 102, 20. 103.
2, 4, 7. 104, 6,10. 105,11.
108, 6, 10. 109, 1, 5, 16. 110,

5ω555ω5555

88, 19. 89, 16115, 17115. 1122,
17015] -em 12, 3. (15165,
11,12. 11, 6. 21,18,19. 32,
10. 34, 15. 79, 7. 87, 20. 88,
1. 94, 1, 7. 98, 13. 139, 8.
161, 7. 164, 5.
(1515(1111151)28, 6. 50, 14. 51,
20. 52, 2, 12118, 11. 119,
7. 129, 11. (15180, 15. 84, 5.
(1511114, 15. 17, 2. 66, 6. 80,
11. 94, 4. (15511118,12. qui

 

