Index uerborum.

-is 130,19. 136, 3. 137,18.
141, 11, 12. 145, 17. 147,1.
scelerum 71, 18.
55115155 61, 9. -55 53, 23. 54, 5.
scias 146, 13. et 89, 15. 99,
13. -5151117, 13. 148,14.
-ebsrrt 45, 2. -5110511123, 19.
38, 4. 49, 7. 57, 19. 72, 20.
(- quod) 78, 2. 84, 7. 85,
21. 97 ,16. 117,15. 181,9.
-ens 42, 25. -51115 90, 7, -511-
155 75, 1. 86, 19. 103, 19. -en-
tibus 85,14. -1555 24,8. -o
9, 6. -154,5. 75, 8. 78, 20.
100,11. 159,16. -155153, 17.
77, 8. ·163,4, 110, 10. -151
87, 18. 149, 2. -5111110, 21.
scienter 9, 1. 17, 19. 19, 5. 23,
9. 46, 18.

55155115 5, 22. 24, 5. 56, 2. 51
44,13. 92,12. —am 68, 2. 123,

5511155120, 6. 53, 12.

scindulis 57, 6.

Scipio 18, 4. 92,1. -onis 110,

555555 56, 16.

scopulis 160, 16.

scorpiones 142, 13. 143, 6,
-1655 161, 18.

scribendus 55111,16. —untur
36, 13. scripsere 12, 6. 5511-
551555 63, 6. scripsit 12, 14.
scripti 37, 15.

scriptoribus 4, 12.

scutarios 44, 2.

5551511 19,13. 22,12. 23,11.

’48, 8. (pedites) 59, 1. -1597,
12. 98,10. ·os (ped.) 48, 2.
-551 (ped.) 8,17.

55511115 9,1. 14, 20. 21, 19.
46, 9. 55515 15,9. 23, 8. 50,
6. 55111514, 18. 22, 10, 16. 47,
16. 49, 5. 58, 16. 88, 7. 130,
20. 161, 12. 55511519, 12. 47,
18. 48, 19. 60, 5. 71,2, 82,
17.100,17,21.

sc paui-r 55176,1. 106, 6.

233

ffiQanfflum
17. 75, 4. 78, 3. 87, 3, 12. 88,
1,11, 110, 22. 117, 17.
5555151· 43, 9. -entur 152, 5.
sectos 152, 5.

secreta 18, 4. -o 113, 6. -515
144, 9.

secretiores 111, 12. -tissimo
75,13.

5551515140, 15, 164, 2.

sectantur 11, 12.

55555124, 6. 50, 11. 59, 8, 22.
80, 3, 7. 102, 16.

5555505111 26, 19. 37, 3,18. 39,

5555505541, 14, 17. 102, 13.
[121,15.] 129, 19. -5 26, 5.
38, 14. 42, 4. 47,10. 48, 5, 14.
49, 8. 97, 21. 106, 7. 160, 7.
-5 22, 15. 38, 24. 99, 4, 7. 41, ’
13. 48, 15, 18. -1(57.) 39, 23.
-se 107, 6, 108,18. -515 97,
20. ⁴0 29, 5. 96,14. 155, 11.
-os 64, 11.

securior 16, 1.

5555115 163, 18. -55 59,16.
-1655 78, 12.

securitas 28,19. 112,10. 145,
16.160,17. 5115123.

securus 82, 14. 109, 15. ·5 68,
16. 84, 14. 106, 21. 156, 5. -os
91,16. -1 24, 4. 90, 2. -15 103,
14. ·55 90, 9. -um 75, 15.

55555 118, 12.

sed passim.- 5715316. scd
151555 6, 11, 1878, 11.

sedecim 137, 4.

5511515721, 11. 98, 12.

sedibus 70, 6, 11, 23. 71, 3. 73,
12. (122, 20,]

seditiosi 71, 10.

{gffeerggfs‘t‘g’ 66, 11. 55, 15.
69, 6. 106, 19. 110, 13.

55515172, 21.

semirotundo 25, 2.

55151541, 3, 15, 17. 47, 21. 48,
4. 32, 10.

 

