Index uerborum.

197

(11100061.) 11011610 600 est hodieque 35, 19. 89, 3. 114, 6.

inquo 10,17. 6000111101-
sim 111 libris ΙΙ et 111. 142, 15.
l54,12. hoo 0111111.114, 6.
1100-0195,101101,9. 111600
-quod 107, 6. hoo-quod
108, 11. hoc remedio -si
95,4. 600-111110 110, 90.
1111111119, 2. 24, 5. (-111)
51,1. 65,1.106,10 137, 4.
611109, 3. 44, 12. 46, 3. 47 ,10,
11. 103, 7. 139, 10. 154, 9, 12.
166,.1 61111096, 8. 98, 6. 99,

3.119,8.163,10.61111017,

17.1918 64,6’,.1198,1,,34.
99, 10. 6004, 9 91, 338,
13. 16. 49, 21. 89, 4. 101, 8.
109, 9. 116, 9. 118,6.129,15.

6010100111 17,10. -0198, 19.
41, 13,15, 17, 18. 69, 90. 63,
16. 58,19.85,18. 90, 13. 115,
16. 140, 6. 141,11. -193, 5.
-16016, 12. 9, 18. 28, 9. 149,
17. 143,19, 161, 8. -um 9,
20. 47, 4. 78, 20. 84,10. 96,1.
99,10. 197,10. 135,19. 143,

honestas 11, 4. -ote 44, 13.

honestiores 11, 11. -1111151,8.

honor 41, 20.

6011010111 74, 21.

hordeum 16, 19.

hora 78 16. 96, 6. -arum 85, 4.
1-1113, 4,6. 84, 9, 3 14613.
160, 3, 19.

61 99, 94. 40, 3. 41, 4. 1- 6011001001 699

qui) 70, 5. 97, 6. 9,8 11.
116, 13. (- 11011139, 5. 166,
6. 611038, 91. 68, 19. 117, 6.
6110οπ hae V. ¹L. 117, 6.
horum (- quos) 12,19. 36,

1 16011. 44„9.6313. 98,13.

ᾗ 164, 4. 166, 7,9. 111119,
1 0 (-111111)9311,96,13.
Ἰ35,6.,398.40,9950,9.
¹ 1-·1101)61,10. (-(11110110)
67,11. 67, 19. (- 1101) 69
18. 77, 7. (- 1111110178, 3. 86,
90. 90,.1 (-quos)93, 15. 97,

6011011031010116 15.
hortari 109, 10.

hortorum 139, 8.

hosp 1111140, 18
6οε110110111169,9.

11001111 138 19.

600111 passim. (qen.) 191, 21.
-i112, 14. [190, 6. 123 ,3.]

-01013,.,9183.,.66374,.6 v

96,.,.,.,69610101101064,6.
108,.1-014,794,.1489,.15
95,16.106,21.109,16.113,.8
601100,·111111,-16111ριι.111”111.

4 (- (101197, 13. 100, 936010111101119011

(-1111101601) 1103 (-11111) 6010000198 4. 158, 3. -679,

119 7. 197,19. 10818 143,
0161 13, 18. 152, 2. 164, 8.
60119, 6,9. 90,.1 48,6 86,

1611110 ae 1181911111
1111 -132‚11.53,'6. -037,
18',.5319

1. 92, 3. 94, 2.11,5 1611111 Η11011010111914.193,16.

98, 5 153, 9 164, 1
hiemalis 167, 1

hieme 19, 90. 67,1. 69, 14. 79,
1.81,15.82‚15. 11576.

Ι.

111011, 10. (-11100)96 90. 1111111106.

Hispanias 149, 19.
. 1110ρο11ιο0101 999
ἲ Η1111111015,14.
661011001416.
611101111194.[147,14.]

iaciat 8, 9.0

-011111148,19.
enda 1331 endas 70, 17.
-011001 18, 9. -011147,19. 98,
1. -untur 144, 2. iactis 98, 7Ι

110, 0.

 

