220 index uerborum.

93, 2. 106, 2. 110,15. 111, 4. perterrebit 118,6. -territos 92,
[120, 2.] 138, 20. 141, 12. 151, 16.

,3. ·i 32, 15. 78, 6. -5135,15. pertinebant 43, 8. V. L. 150,
sine -o 50, 1. 59, 12. sub ·o 5. -ebat 42, 20. 43, 4. -ens
74, 23. -5 14, 9. 74, 5. 10,14. -5515540,13. -5111

5511111551 161,22. -antur 144, 41,16. -et 47,5. adrem per·
7. -11163,13. -551144,18. 1155155555 86,17, quod ad
147, 8, -55151 161, 9. [-· -55111551152,12.
1115511120, 13.] pertrahunt 80, 4.

551115 18, 11. 46, 8. 55115]11155,14.

. 551111517,14. 51,13. 64,17. 5511516511555 (5155 -) 26, 10.
90, 4. 160,19. -55 63, 8. 93, peruadunt 77, 18. -uaserant
3158, 16. -5111123, 13. 145, 2.

peritissime 32, 2. perueniant 67, 1. 81, 19. 106,

peritissimus 43, 13. -1 164, 1. 13. 107,17. -155 106,18. 108,

55111167,12. (—armorum)105, 1. -iat 71, 21. 79, 3. -115 34,
11.111,4. ·15147,21. -5577,6. 20. 42, 1. -11551149, 18. -iri

periuriis 69, 21, “’ 19,16. -11 (Minor tribunus

perlustrent 75, 22. - ex labore) 39, 18. 54, 5, 8.

permanere 83, 22. -5135, 18. -55551151 113,3.144,19. -erit
-155551123, 2. 27, 10. 148,8. -5155121, 15. 29, 8.

551515113318. -1555 19, 19. -155551 19, 8.

. permixtionibus 56, 5. 117,4. -15551141,6. -5551511

permixto 135, 19. 94, 15.
pernicies 112, 14. -em 91, 5. peruigil 37, 21.

147, 9. 55151179, 23.

5515151555 118, 8. -15 67, 5. 555111551166,17.
perniciosissimus 68, 1. pestilentiam 67, 6.

55155155 57, 4. inperpetuum 5515150,16. -ebatur 42,17.
128, 3. -enda 69, 8. -ere 56, 9. 128,

perquirere 74, 22. 45. 150,1. -515115, 10. -itu-

perrumpendi 26, 16. -515 162, rus' 64, 7.

20. -1123,10, -1151100,1. phalangas34, 10. -e34,10.

1)-8158551521339ἱ 416. {gugltoffo’ 13Β 5555555655(551515115-1153,

1 ·“ 1 ·'¹ ·
28, 13. 15155155 153, 1.

perscribam 85, 12. -5511515 5155 162, 3. 51513217.

74, 14. 51515155 43, 16.

5515555515197,18. persequen- pietate (a -155) 127, 18.

di 24, 13. 113, 12. -qni 73, 4. pigebit 128, 13.
persecutores V. L. 69, 1. pigrescat 8, 9.
perstringenda (V. Ι.. 5155511.) pigriorem 163, 17.

12,15. -stringit (V. L. 5155- pigrius 77, 20.

Sin) 13, 18· pilatae legiones 22, 9.

persuadet (— 51)132,10. sua· pili (primi -) 41, 8 0154, 3,
wli 71, 20· , pilleis 23, 3.

pertemptandus 11, 17. uide pilum 47, 21. -5 23, 7. 97, 22,
praet. nure.adpitauenitm23,1t.

 

