110 index uerborum.

1669 (·,00)8713. -o -1(0.)14,17. 46,2, 76, 18.
161,16.156,16. 0111111294 98,11.116,11. 1011161)
66 16. 1,12, 62,16. 69,13.86, 12.
annona 16 14, 42,20, 66, 14, -623, 21. oa [20 14.] 22 8.
68, 7. -1 62, 7. 63, 2. -am 20, Antonius 160, 16.

11. 41, 3. -00 (111.) 69,13. -aa anulis 130, 8.

40, 16. 41, 2, -10 (061.) 16, aparctias 166, 4.

11. apeliotes 0130 01111.
000000110(100-)61,16. -00 01101110 71,1. 78,13. 146, 7.
(01100100)68,12. 0018219. -untur 43, 9.
anseres 146, 4. -um 146, 6. 0110114 (s.) 78, 7. ·i (900.) 92,
0010(030.)10 .11001118,8.16, 20. -o (00061010) 103, 20.
13. 68, 9. 1-11001111001101 (Marte) 78, 4. (proelio) 86, 9.
perfecta) 83, 7. 86, 6. 7311. 0110110 107, 8. -100107, 10.
93, 11. 110011. 11, 17. 28, 1. aphelioten 164, 9.

36, 2. 68, 7. 69, 6, 76, 16. 88, apibus 9, 21.

8. 9019. 9416. 96, 23. 112, 0111101010 136, 18.

4, 7. 113, 17. 112, 20. 143,1. 0011010160, 9. 66, 4.
163,11.168,6. 0130100010 01001106001846 9811 -100-
ante(praep.)’47‚ 13. 49,11. 110019,10. 10012316. 26,
0010 quarum impetum 000 19.69,19.70,16. 10010139,

, 0101100000110311001001010- 22, 41, 6. 62, 14. 160, 20.
1068, 22. 63,1. 83,11.87, 1010346 -140,2,11. -10· ,

12. 91),12. 96,24.104,16 10126, 4. 38,12, 16. 46, 2. i
0010 quadringentos - passus 64, 21. 72, 24. 136, 14.

qnam ad hostem 1101000100 01111110010712. 001137,16.
107,9.108,12. 111,6. 16. apponuntur 137 14

116,1. [121, 21.] 130,6, 12. 0111010010 16.

160, 13. aptior 17, 16. -a (013.) )[122.
00100 91 18. 96, 14. 97, 11. 8101132, 22. -0.01(0 11.),7 ,
1120, 4]. 3. 0016016.
00010301807.86,1. 110011- 01111001101166,1.

bus 402 dit 1061 011101(0010301.),1118. ·a(c
antemna 163 16. 00 1639 3,.)619 um 1147
0010100016,24.34,21.61,4. 011034, 16. 10, 22. 16, 9. 228,
96, 4. 103, 10. 1120, 9] 0001-21.23.10.28,16.62,17.
110νο010000ιο00000110010010 63, 4, 14. 62, 2. 91, 22. 114,4
-11001001300010, 141116.

antesignani 40, 8. 49, 2. -οε 0110116616. 79,12.81,14.83,
36, 9. 16. 13011. 131,11. 136, 2.
10001.. 000011100
001110100101001294 -arum 67, 24. 69, 16. 79, 17.
antiquitas 1306 -,.101001327 134, 16. 100131.) 14, 7. 66,
antiquus 7210. 4(.1)12,6. 16. 67, 6. 130, 16. 161, 8.
21, 3. 68, 11. 84, 18. (pl.) (dat.)1'36,.4

32, 6. 61, 3. -439, 14. -00 01000300100343,10.

(000.) 28, 7. 37, 3. am 4, 18. aquatio 84, 14.

 

