m

palustribus 67, 5. 77, 14.
Ρ555551555 93, 3.
papilione 45, 16. papiliones
95, 8. 83, 18. -15557,13.
par 13, 93. -1 35,19. 71,16.
76, 7. -55 17, 6. 99, 6. 100, 90.
110, 91. -1555147,5.
parebat (c. ins.) 78, 5. 149, 10.
-551 138, 9. -aretur 140, 93.
5555151 119, 7.
paratior 57, 3.
paratus 46, 19, 90, 10. 93, 14.
103, 8. -e 75,5. 176, 15.
111,13. -15 79, 8. 93, 10.
pereo 7, 19. 93, 5.
parendo (iu -) 32, 16.
pariet75,7.peperitV.L.127,13.
paries 129, 18. -ctes 129, 16.
130, 9. 144, 6.
pariter 17, 21. 2511. 35, 2. 45,
19. 54, 90. 56,10.80,7ῑ 116,16.
191. 19. 194,1. 155, 7. 160, 3.
pars (5151115-) 9, 10. 17,15.52,
17. 76, 5, 10. 81, 93. 83, 1085,
90. 87, 3. 95, 15. 109, 90. 103,
9106, 90. 117, 15, 16. 193, 8.
150,19.160,1. -115(55-
55155139, 1. 85, 5. 146, 17.
tr 11313. tem 956 97, 15.
95, 10,161,16. 106, 16. 107,
14, 15. 108, 9,.94 113, 99 131,
5.138,93.140,7.144,19.
-156, 7. 7,9.,15 15. (uelox
-·11’,54.91,3.33,9. (ex
1111109Ῐ1ῗ19. 11304815. 11115ῗὲ.
109,4,12,16. (ex omn1-)
118, 7 (pro tuo —) 119 18.
(551555-119318.130,11.
137,14.149,1 153, 13, 163,
10,18. -15533, 7. 34, 2. 83,
22. 88,10. 101,91. 108, 7.
149, 18 -1155590, 4. 139, 5.
153,1.154,9.
parsimonia 69, 11.
particulam 53, 11,
particulatim 93, 10.111, 13.
partim -partim 28, 19.

Iudex uerborum.

parua 8, 16. iu peruia (arabat.)

94, 99. 63, 18.88,18, perui

143, 8. -o 5, 4. (cubet.) 7, 6.

-oe 18, 19.
parcissimis 19,10.
paruulum 134, 99.
parum 6, 93. 16, 1113910.

pascebatur 59, 8. -cutibue 119,

19. -entium 81, 9.
555555 8413.

passibus 96, 18. 98,17. 99, 1.
-55 99, 3. 108, 1. uum 13, 4.

555555
passim 10, 21. 81, 5. 118, 16.
patefacto 110, 13.

55155115 95, 21. -entibus 77,
19. 199, 5. -eret ad 15,15.

·uit 150, 16.
Paternus 19, 16.

pati 65, 8. patiantur 67, 9.
-atur 24,

113, 10130, 16.
90.74,11. 55574819

-155 79, 90. 156, 1. -untur 24, 1

10.70,1. 555555551119,
5115151359

5511511139. 142, 10. -55 127,

18. -15 65, 8. 71, 17. -,5571

um,fflm’mm.]',
pauciores88, 14. [122‚ 5.] -5 ³
mommwme

[paucissimis 199, 18]
555511555, 19. 6, 3. 94, 99.
555515511577, 1.

55515 80, 5. 95, 21. 159, 13.
paululum (5551-)96, 5.
pauore 90, 14

pauperes 52, 90.

μω,554ωω.1

49, 9. 69, 93 91,19. 55564
10. an pace 90, 7. 51 ,18.57,
&RMQR
peccare 71, 18.
15 pecore 68, 21.
pectora 21, 22. -e 10, 5. 93, 93.
-155591,19.
5555655 99, 8. -55 110, 14.
peculium (castrense -1 53, 3.

 

