313

-,11378 30, 81,5 5137, 4, 16.
11311341.109,14.
111111133111131150, ’10. -1368, 14

Iudex uerborum.

-111168, 1. 105, 5. natum
3333 3816.
natalem 157 7.

11υηί1134431. -a34,.17 -133, 1313111114, 10, 13. -do 80,3

14. 85, 18. 37, 5. 116,’4. 161, 10.
-,ο33 ’33. -13’38, 10. -1318, 14.

-,611114 44. 70, 34. -natans
7 30 are 14 4. 57, 13

1111311(1111113-)81,4 (11-1311191,3.133,15.ο-11336,

313113-13411. -am ciuita-
tem 344
murus 33 9. 35, 13. 43, 15.
129,14,’21.130410. 134414.
144ζ3,5’, -183,.497,6,13’9,.7
1303 (pt.) 13113. 111,1,11.
141Ῐ1.144,11.148,.1-ὀ113,
3,1’8.136’,13.143,18 144’,
11. 131,11.’ um 11113135
3.0 134,18, 137,19’. 1385,
30, 133, 3, 10. 140, 7. 141,16.
143,1,’4,’.11 143,17.-ο1111
63, ’5. 138, 7. 137, 10, 133, 9.
140,33.144,18.1’45,16.1’48,
8,’3 1344713313137154
140,16.141,7,10.144,3,145,
30.147,1.1’6’,1 7. -13131, 16’,
135,11.136,15.138,17, 33.
13944. 145, 43, 11, 18. 144, 3.
11131111136, 7. 138, 6. -1359,
151351.
1113111131310,5.
muta(p 1,)734 14, 15 735.
1111113711. 111735
1111115117,’,33 -anda 33137,
3, -311111 155, 11. 158, 3.
[-313 133, 16.] -3111135,’13,
mutata 51, 1. 96, 5.
mutatione 58, 3.
mutuo 135, 15.

N.

numpaaum:cs.103, 13.

namque praepou'u'aum 9,18.

-1111311111111175, 15'100,

111ὲ11511ἰ, ,.18 153, 3,’ 153,13,
, .

1111111138. 5 nannenten 158,

7. -111111 03,17. -16, 3.

13, 34, ’.13 114, 4. 137, 144
-1115136, 7. 33, ’18. 149, ’8.
1311111153, 8.
natura (reru4n —4 35, 17. 109,
16. 131, 3. 134,14. 153,15.
-5 138,15,16. 155, 9. -ae
156, 3.
131113111393-,13(931,3153 13.
13111311131541095, 1.
1113113149, 5,’ 160, 30’. -,3160
13.161,5. ·1161,’8. 13161
14. -15113(115113’-) 153, 15.
nauarchis 160, 18. ο-3 150, 8
naufragium 155, 13.
nauicularios 150, 8.
131113161158,18.1311133156,
1.111151315310.158,15.
3115713. 1111116015.
nauagatxo 156 5,.7 dms 157
7. 11131501.
1311131179, 33.

'nauigia 153, 17, 157, 1. ·is
’ 159,.5 -ο1’49, 18.

1131131645 em1513152‚6.
163, 13, ,1131501630 15345,
7161, 18.1,6311’. 1111115313
153,3.160,7.163,3,·1’513
131,’1.161,’.11
nautae 153 ’.7 163,11,164,3.
arum 151),9. -as159,12·
16311.
nauticae 158, 4. -13 163, 3.
-111111 160,14.
1133111111111131313111111,111116.
1115, obseruandum, uit4ndum .
311’1131111111,1311111131ο(11·
111836 11114111, utne.
113- 1111311881.
nee 3111113 ante’cedente 1156,
78 9 antecedentenumquam
38,.3 1113111111311111111153,

 

