Index uerborum.

1511111-111114,13.50,2.52,4.
59.1. 67, 3. 79, 19. 109, 4. 112,
15. [122,1.] 147, 22. nee -
Ποῦ-11853418. nec-et
75, 3. 116,5. 129, 21. (in final.
sententia) 96, 2011 130, 13. nec
non etiem 43,8. 47, 13. 52, 9.
64,21.69,16. (in uetitiuo enun-
tinio)70,12. 76, 12. 89,14.
1181611195.
necessario 55, 9. 112, 10.
necessarius 73, 14. 80, 17. -a
(11119.) 4, 14, 89, 5. -u (pl.) 50,
10. 59,20. 121,9. 132,21. -ae
132,4. -i 99, 3. -is 5. 6. -5133,
17. -um 24, 2. 44, 4.
necesse est — 111 15, 21. 23, 21.
eum aec. cnm inf. 26, 17. 34,
20. 35, 24. 37, 7. 55, 1, 65,17.
111, 7. cum coniunctium 73, 7.
—sit e. infin. 70, 7. 84, 2.
-habeant optare 71, 6,
necessitas 7, 8. 9,12. 12,12.

mummnmmw

111 -) 22, 2625, 2, 12. 26, 9.
(-111111) 67, 11. 68,18, 69,
ststffimffiQQQ
ι 8. (- belli) 91, 20.·117, 13.
145, 8. -atis (Romanae -)
134, 3. -atem 69, 13. 80, 12.
86, 9. 132, 14. 149,10,11.
-ate (-55110111111) 42, 9. 66,
4, (- proelii) 67, 19. 68, 7.
(pro - rerum) 72, 9. 76, 16.
pro - loci) 81, 20. 117, 16.
123, 3.] 147, 7. -atibus 85,
19. -aium 148, 17.

nectuntur 81, 7. -titur 148, 7.

nexum 73, 1.-
necubi 26, 13.
negassem 32, 17.
neglegens 7, 4. -entee 153,16.
15ἓ111ἒέἓ1111111036, 17. -tius 26,
Qffissnwewm.
ue 72,5. 146,20. -em 35,
19. 77, 16. 113, 6.

213

negotia 52, 6. is 103, 16.
negotiatorum 157, 11.

nemo passim. (111-)91, 7.
neque passim,- Neque 51111118,
16. 13, 22. 28, 8. 56,16. 68,
mffiffi

neque — neque 4, 3. (antece-
dente nihil) 24, 2. 95, 22. 159,
6. neque-neque-neque
antecedente nihil 16, 17. Ne-
que (enim) - et 160, 9.

nequeamus 91, 17. ·1111111 59,
11. -111811111132,5.

neruinis 133, 17. 142,14.
neruorum 10, 8. 133, 15. 134,
5. 143, 3.

nescia 7, 5.

nesciant 111, 8. [123, 5.] -o
(-qu0m0d0)8‚ 1. (—qu'a)
100, 13. -11 75, 11. -1176, 8.
neue 24, 22. 93, 20. (V. L. ne
uel) 169,10.

nihil 12, 18, 22. 16, 16. 24, 2.
53, 5. 57, 21. (111-) 67, 19.
72, 6. 83, 13.·1-111131111111)
86, 13. 87, 6. 90, 10. (-111-
peruentus) 91, 10. 109,18.
(spei -) 110, 9. 112, 5, 12.
117, 1. 123, 9. 132, 7. 133, 17.
152,10Ι 162,12. - in ueti-
iiuo enuntiato: 70, 13.

nihilominus 70, 22. 135,12.
nimbos 159, 3.
nimia 25, 12. 5 66, 4. [123,
2.] Ι11116516. -ο6,13.
nimium 45, 10. 65, 4. 99, 17.
nisi 5,10. 15, 4. 22, 9. 52, 4.
68,2.70,14. [(11111111- me·
110111-)120,8.123,1.]13317.
nisi e. coni. 1111111361. 68, 7,
17.81,11. 84, 15. 101, 16. 106,
3. 132,11. 146,13. -eum
sui. ee. 4, 3. 91, 3. [(- eum)
121, 6.] nini 111-(111111111113,
1, -c.coni.pleqps.13, 23.
18, 7 , 12. (-1orte) 32, 13.

 

