Index uerborum. 247

-abatur 34,Ι 1. 46, 19. 664 67, 20. 68, 3. 6310. -66,11,
passim. -ante 66, 3. -66161Ι 8,12.11,9. 17, 23. 32,12.
33, 10, 12. 42, 4. 46, 10. 84, 7. 44, 22. 66, 2. 63, 14. 72, 21.
138, 6. 646416. atur 136, 86, 20. 88, 17. 91, 18. ( 666
18. 6666664 131, 3. 6666666161) 96,9. 97, 6. 123,
uocabulum 34, 6. 136, 18., -ο 8.] 137, 2.
84, 20. 168, 8. -a 72, 20. 163, 6ἑ666666ἔ666611611666,18.66,
17. 164, 4. ’ .162,·1.
6666116 72, 13, 14, 16. 61 eum 16616, 36, 1. 63, 16. 69,
6666 72, 8, 16. ,. 19. 70,16. (- puta) 72,17.
uociferari 102, 26. (eum [61. em.) 77, 11. 79. 3. 90,
6616111166 133, 8. -1133,3. 138, 1. 97, 22. 116, 6. 148,,18. 149,
19. ,6. (cums 66.) 162, 4 616.
66166166 24, 13. 61 cum 6661. passim,- 6166 666-
uoluptas 9, 6. 6116132, 10. 6661666, custodiendum, ex·
-atibus V. l.. 7, 19. pedit, obseruandum, praeci·
uotis 60, 16. piendum, sequitur, hoc, illud
urbanos 7, 9. etc. ef. 10, 17. 80, 6. 104, 4.

urbo 6666111121, 6. -66 7, 18. 146, 10. 6166 61, 19. 101, 4. ’

144,16. [147,16.] -bes 33, 616668666616.
16. 44, 8. 69, 17. 71, 14. 127, utantur 7,12. ·ar 39,15. -6166
19. 128,16. 129, 9. 130, 13. 67, 6. 163, 4. 6166616619, 6.
148,16. -61140,10. 661666 34,12. 6666166264. 146,
, 7, l. 09, 7. -616134, 13. 139, 18. -116673, 11. -untur 23,
6. 14231149, 17. -bium 21, 12. 33,11. 108,18. -61136,
14.74,2.89,8.127,12.167,9. 7. -sos 15, 26. >
6666161661 114, 6. utcumque 16, 8.
urguendi (— 61) 69,3. -6611- utensilium 26, 26.. ,
666 169, 3. -entur 162, 12. 6111672, 11. 78, 20. 103, 3.
666 101,16. 102, 13. [1263] [119, 16,] (- 661, 61) 163, 3.
66167626. . -66-11, 24. 76, 3. 134, 1.
ursinis 49, 3. utilior 7,1. 81,12. 96,13. -ores
[usitata 121, 7.] 86, 1. -us 10, 10. 66, 10.
usque 66 19, 18. 20, 8. 21, 6, 61111166 (- 661, 64) 86, 13. 110,
14.23,1.28,13. 42, 6. 70, 20. 4. 127, 13. (- 661, cum) 134,
129,20.161,11. ·- adeo 7,22. 13. -6116 17, 24. 132, 9, -611
67, 6. -eo 16, 7. 22, 11. 44, 6. 81, 22. -ntem 91, 6. 616 4,
63, 7. 74,17. -16162,2, 166, 16. 36, 12. 148, 18. 149, 9.
4, 7. 167,2, 10. -ates 41, 20. -1666 62, 8.
usurpato 150, 17. utiliter 107,19. 161, 19. 611·
666613, 10. 16, 2. 16,4.17,,14. 1166 161, 6.
20, 12. 22, 2, (-— armorum) 6466 86, 20 bie.
34, 19. 47, 7.61,14.67,2,16. 6466666 (- 66166 == 61 ped.
72, 1, 11. 73,14. 91, 21. 93, 61 equites) 27, 21. 102, 26.
3. 143, 10. 146,1. 148, 18. {que 33, 9. 80, 12,16. 98, 3.
161, 17. 168, 16. 169,17. 104, 104,15.106,8.163,18. [-616-
,3. -61132,7. ·um 12, 214, 666121,20.] -1666113, 12.
2. 13, 10. 19, 18. 26, 9. 29, 8. dunque 132, 19. 146, 17.

 

