Index uerborum.

eo (αᾱιι)73 6. audentque
epistolam39,1'1.
epitomata 12, 20.
11111112) 28, 12. -ο1 149, 21.
equestris 46, 20. 11127, 18.
1111. 11111111
mefflmmmmf
13318. »119,19. 65,11. 73,
¹ 875, 21 90,10.115,13511.
117,8. 132, 5'. 1114 1319,
η1447367186293,.20
95,8.112,12.115,16.[133.
9].-117,22. 115,8. 1114617.
111111151123,14.11146 18.

2 111111111109, 17. -159, 11.

1 86,.4 [122. 8]. 123, 7
1111111118, 17. 79, 20. 11 pat

111111115νὶ11. Π. 111.
erat, erant, erit, 1111111111
1111.
ergo peeetm

¹ engatur 142 8. -gendintt, 1.

’211717 83, 4.

, 11111110,5.-1174,2111514.

1, 11111195, 24.

¹ 1152111152 20. 111165, 15.
erogatio 69, 9. 132, 12.
11111188, 4. 1111118119.
11111 111122 11111183, 6.
1111145, 13. 56, 7. 75,6. 94,
15 -111117, 4. -11114,8.

, erudiantur (- 15114151-

1 211(- 1111111529. -11129, 11.
(“111)46,20. 1-1111111-111)
Ῑ4,.9 111192 12. 111168

’ 1855157138811101
6mmffimmm

111144, 22.

t emeramus, 6.
212111111511 147, 12.
eruptione 13212.

11111936.

Qmm;mmm,oee
⁵ Mwueaetaema
mmmmmmst
Mmmm,um‚m

1548. -1111112 esset ,11111

Μ

1111111111,-11111111111111721.
1111111111111148,9.-111111
1111111111 qui, quae, quod; omit·
titur: iuxta yerund. 23, 13. 24,
17, 19. 26, 23. 27, 1. 75, 5. 77,
15. 78, 2. 81, 13. 85, 20. 103,
21, 105,2. 119, 5. 151,11.
152, 4. antecedente 1111132,
8162, 16. quid audacius 82,
11. perniciose 118, 9. - erit
9, 4. [119,18.] 11111 75, 3.
-1111, sit, sint 11111115 11111
omittitur 17 , 18. 76,17. 94,
17. (antecedente est) 145, 20.
-1111111 ( 111111 -1 92, 10.
(1111111-) 150, 5. fuerat 18, 1
3 113, 5. (destinate -)
7,,.(ι1111111-)1303 teub-
terceuatus-J 141, 5 11111
115, 6. 1111111111111111ε
ἄν 111111οηί.) 25, 20. 26, 8.
3212. 5717 5820 71,4
76, 2. 79,12,18. 80,16,18.
82, 11. 83, 8. 85, 6. 86, 11. 87,
13. 88, 6, 9514. 97, 20, 22.
99, 1217. 100,16. 108, 8.
110,16. 112, 7. 11814. 129,
17. 138, 20, 140,16. 14216.
Μ1Μ15151
5,159,.7 160,18.11-111-
1111152181111111119, 4.
3,5 2. 151213, 1111111516,
111111[915.,]28 15.119,.9
suisset 11111111- quem -)
52, 11. 91,9, (1111111111,
15 11114,1,21,15.41,1.
63, 4, »- 111111111117, 9.
futurum enee 18, 6.
11 passim: = etiem 5,14, 13,
7. 14, 13. 33, 11. 36, 4. 38, 19,
39, 6. 5118. 57,1. 73, 8. 112,
16. 131, 18121, 155, 7. 161110,
-11111111111 eaedem et
-1136, 17.(11111 11111511
uitandum est 11111111 pemi-
ciee inferenda 112, 14: cs. 18,
12,53,17.11·111116,21,22.
et quidem 8,4. uide nee, que.

 

