190 Iudex uerborum.

etenim 6, 2. 51551511159, 15.
5115555555·5515555555555 excrescit 82, 13.
551515,5551551555, tum- 5155515584, 8. -15164,8.
quam, postponitur saepissime. excubitum 51, 18. 83, 20.
etiam 5555 16, 5. 50, 6. 105, 9. 51551551555548, 7. 49, 9.
ctiam si cum praes. coni. 24, 4. 51555555190,15. -11 (uiginti
106, 9. cum sut. exact. 22, 2. 51 quod ·- 55555555) 29, 4.
5551555192, 7, excusare 112, 19.
5555551551003. exemplum 3515. 77, 3. -021,
cuuginutos 20, 4. 4. 44, 19. 47, 7. 64,2. (355-
55511555 58, 6. 155 551 exemplum 55555510.)
555515124,14. 89,11. ·1555,20. 1413551515 experimento). 150,
84,15. 87,8.111,7.118,18. -11 19. -5 65, 3. 117,12. 123, 18.
’ 18, 21. 95, 1, 103,11. 145, 3, -orum 111, 4. ·is 4, 8. 91, 22.
15515 155, 14. 55555555, 121,2·2.145,1.
15. -551177, 11. 100, 18. exerceantur 51, 17. 88, 4. -ea-
555515 92, 19. 119,1. euentus 155 11, 6. 132, 9, -ebantur
(pl.) 12, 6, 64, 11. 119, 8. 15,1. 20, 7. 48, 1. 55, 14,15.
5115511555 63, 5. 51151155 -1 15, 9. -551187,
55551551 143, 19, 21. 20. 5551551314. -5551129,
euidenter 18, 2. 65, 4. 10. (95514116. [endo 120, 3
enitatis 162, 16. 1.] -5551517, 17. -endis 150,
55511555 51515155. 10. 5515513516. :ere 14,
55515551 147, 4. -1511512, 12. 14. 67, 18. 87, 18. -551 18, 9.
euroborus154,10. 56,8, 57,11. 67,15, —etur
55555154,10. 17,8. -555551555555555-1 1
515555155;ι·1.41,21.521685, 14,18. ·55155518,11. -cuit ¹
14. tribunus uocetur ex 15155 92, 4.
39, 9; 51 quibus (aquibus) exercitatio 19, 2. 21, 8. 37,1.
5551555155155132,23.51555- 42, 21, -5515 47, 4. -555 4,
nulibus uide consules. uide 18. 28, 1, 6. 33, 2. 73, 12. 88,
55555,555551555,5555155115- 18. 5555112317.

15, purte, tempore, usu. exercitatissimi 22, ⁶24. 77, 19.
exaestuantibus 155, 8. -55 110, 1. 1121, 18.]
examinatione 10, 20. exercitatus 8, 13. 15, 4. 16, 7.
5155555155 59, 7. 80, 6. 57,18. [10515] uus. ·i
515511555 11, 4. (5551.)50,18.52,4. (puri.)
5155151555147,19.-11)55161,21. 71, 3. 75, 5. 85,19. 94, 11.
excidia 21, 14. 96, 13. 100,17. -15 27, 6. 142,
excipere 97, 8. -iebsut (— 17. 55155, 5.
proelium grauisurmuturc149, exercitium 5, 8. (- armorum)

14. 5151110414. 5151551131, 14, 11. (— 5511115551 29, 8.

1. exceptis [103,10.] 150, 8. (armorum -) 46, 13. 55,11.
excitatus 73,16. 146, 7. -um 64,14. -11 16, 2, 10. 27,13.

135, 11. (- 5111115515) 28, 21. 33, 19.
515155513215. 40,10. 44, 21. 123, 8. -15
excogitent 145, 14. -15151, 3. (- 5551551151)5,10,20. (5555-
-5155551115,20. ρ55151-)7,20.8,10.11,17.

 

