Index uerborum.

turbabis 101, 14. -anda 100,
11. -5515169, 7. -515 103, 9.
158, 14. -arentur 77, 1. aret
49, 18. 511145, 4. -atur 74,
10. -ent 97, 7. -5115 106, 9.
-et 8,19. -ata 104,17. -515
57, 8.

turbinum 153, 11.

turbulenti 71, 10.

15155 46, 9, 3. -ae 46, 15. -55

15155155 46, 19.

turricula 140, 17. -55 140,15.
·15141,19.

151115 138, 90. 139, 5. (-amb.)
140, 99. 141, 3. ·em 139, 2.
140, 13. 141, 19. -e 142, 2, 4.
5155151555, 514511.
(- ambulatorius) 59, 90. 199,
10. 139, 93. 133,14. 136, 7.
(- amb.) 138, 4. 138, 10,17..
145, 3, 11. 161, 90. -ium 140,
93. 148, 9. -ibua 74, 9. 117,
1. 131, 19. 138, 8. 141,8. 145,
90. 146, 9.,161, 7.

15111155 140, 3.

15155151164, 8. ·15151153, 16.

151515 89, 8. 149, 16.

tutioribus 95, 5.

tutissima V. h. 199, 3. -55 69,
3. ·5199,3. -um 75,10. V.
1. 129, 3. . ., .

151155 75, 93. 117, l.

1515 111, 7.

’ 15155131,14. -55 78,·11. -1
114,11. 137, 10. -o 94,14.
-um 84, 99.

[Tydeum 9, 14.]

943

1111851134 ’effi-1. 51, u. 1515.
-eat 11, 90. -551 148, 4. -en·
11115510,5. -eo 36,16. -51
6, 11. 55155198, 19. -uisset
5,19.

ualida 113, 9. -1513,99. -ο
139, 90.

ualidiores 38, 17. -5161,19.
ualidissimis 133, 6.

55111 (uiuae.) 82, 7.

uallibus 113, 14.·

uallum 24, 4. 43,10. 59, 6.
84, 8. -143,4. ·550,13.91,
8.147,11.

5111151099.

uariantur 160, 19. -511 79, 91.
-515177, 19. -5151 159, 9.
55115155 77, 11. -atem 63, 10.
51511819.

115115159,14. ’
55551359.

ubi 7, 9. 95,16.36,7.79,5.
110, 18. 113, 3. 115, 9. Ι(555

. sul. 55.) 189, 18 et 145, 15.

161, 8.
ubique 11, 10. 94, 5. 99, 4. 33,
17. 50, 11. 60, 1. 101, 8.
adeatur 80, 9.
55 50, 8. 159,10.
55515 13, 99. -55 70, 19. -ibus
199, 17.
negebatur 160, 3.
uehebaut 116, 5. -1151 153,
uehementer 9, 15, 101, 4.
uehementior 93, 15. 143, 6.
uehementissime 157,15. -um

. 158, a.

V..

necantes 90, 9. -ibus 101,’3.
-are 59, 8. -55170,16.
5511511 59, 11.

uadat 54, 1.

uado 79, 14.

uadoaa 160, 17.

uagantibus 104, 9.

“ uehementius 99, 18. 95,14. 97,

3. 117,7.136, 16. 147, 17.
uehicula 43, 8, 90.,76, 4.

uel poesim: cf. 94, 9. uide
certe; uel- 551 87, 8. 551
-uel 4, 4. 10, 11. 13,13. 17,
12. 18, 8. 91, 1,15.35,17. 37,
99, 40, 7. 49, 18, 90. 63, 17.
mffifflfflfflffim

16*

 

