Index uerborum.

inuictus 36, 9. -’ 1(1m p.er -) ire( (66 redire) 27, 14. 66611-

6015 -am 37,3. -(p-um(·-ar bus 73

mffiffl4( -)w

ituri sunt 113, 8.
1626, 24 43 3 72,19.-66

et 28 4et 32 66163, 16 et (6169.,17610. -6664,2.67,

(123, 11 et 149, 4. -ae 129,

i1÷1lidlizlzst sanguinis) 18, 17.

multare 737 ·1at32,13. -6161

111, 11
1661611014.
mundam 24 19 81, 16.

inundatione 130, 17
1116616164, 16.

inutilem 163,17.

· Ionio 150, 4.

. 16616666 19, 9
1 lpse 12 4 15, 15. 32, 13. 42, 23.
ῑ 43 14 7618617 861787

620. 90, 10. 95, 3. 102,16, 18.
113, 16. [121,.8 12,2 18.]131,

:ss.’mm.fflffl,mw.
1 1- quo que) 38, 23. (61 -)

39, 3ει6 65, 15 (p7.,.)862
91, 4. 146, 20. 161, 16. -627,
933, 19 666666 74,.6
947. 162201661211.
37, 6. 42, 16, 20. 43, 6. 63, 14.
67 ,,9 26. 86, 17. 89, 12. 38. 16.
104, 5. 108,l6.115,16 131,
6 136,14.148,12.161,18.
Qa-mQaw’m
163, 13. -um 28,16. 96,11.
100, 17. 102,12. (nom.) 159,
11. -o [(61-19, 13.] 13, 16,
(20, 14.] 26, 24. 66,2. 110, 21.
-121,19. 342. 4418. 60,6.
(etiam -)68,19. 70, 16. 80,
3. 88, 1. 97, 18. 99, 7. 118, 4.
664616. ·arum 138,16. -is
(661.)62,17.63,1.71,13. 131,
16. 154,6.'·is (abl.)14,7. 73, 3.

³ w,mwmmmm

143, 18 144, 17. 145, 20. -οε
14,1.317,16. 26,4.28,11.
47, 3. 56, 13. 79, 13. 86, 22.
97, 21. 119. 4. 147, 8.

ira 94, 18. 70, 4.

1. 118,10. 131,4.148,4.-66
ρ(1.),611.12,13.8423 1678,
16. [119,16,] 130, 2. 162, 10.
16 est 41 12,17. 46, 19. 62,
12. 160, 8 161, 20. 162,2. 164.
7, 9, 12, 13. 166, 1, 6. 166, 3, 4.
-616642,16, 22. 43,7. 73,14.
83,14.86,6.86,17.143,1, - ei
(dat.) 34, l. 46, 11. 67,21. ,
107,11.149,13. 1646. - eam
63,19.102, 14. 10613. 107,17.
140, 20. 147,11. —eum 37,23.
81, 19. 121, 6. 139, 3. 142, 2.
- eo (modo) 7, 16611422.
17, 13. 37, 13. 81, 11. 94,6. 96,
3, 6. 105,14. 108‚1. 142,7. 146,
16. 666633.8.40,11,12.46,19.
62, 14. 136,13. - earum 116,6.
130,17. 153, 4. -eorum 7,17.
11, 24. 23, 18. 34, 6. 40, 3, 9.
49, 12. 62, 1. 63, 3. 64, 17. 83, ’
13. 91, 14. 100, 4. 107, 8. 116,

-8137,14,144,19.161,1,-616
(dat.) 16, 13. - eas 117, 10.
150‚4. -eos 3,17. 19,10.
26, 8. 28,16. 34, 19. 49,13.
66, 7. 71,12. 76, 1. 30, 17. 92,
9116, 19. 154, 6159, 16.

1616ρ1,6,2. 12, 6. 24, 10. 72,
20. 79, 4. 160, 12, 616962,

21. 91, 10. -66137,8. 138, 8.

116 passim: 116 cum V. L. item
54, 3. ita 61 passim. ita —- ne

Italiam 64, 7.

itaque postpositiuum 12, 1. 29,
7.32,16. 37, 6. 39,10. 72, 13.
88, 9. 164, 7. - praepositi-

uum 2110 47366 21 67, 14.

1166133 13. 36, 9. 39, 23. 41,
12,17. 4229. 43,10. 47,
19.48,10.61,18. 6421. 69,

3,14. 7316. 97,12.101,13.

104,7, 16.111,18.148,11.

 

w .

