Index uerborum.

1122, 9, 11.] re
19, 1515156,
’2, 18. (-

¹. 72, 9.

“6. 88,

cis)
,3, 5.
67, 12.·
111 63, 7.

14. -atie 144,

,102, 3.
511149, 9.
,ua 149, 5.
..11115 56,13.
resina} 140, 1. 162, 3.
resistendi 115, 20. endum
(ad -) 13, 20 et 149,14. -511-
tibus 108, 12. -515 145, 7.
·es 107, 4. -127, 6. itur 104,
8. -stiterint118,15. -111115-
551146, 7.

resoluitur 113, 6.
respicit 25, 6.

ad) 15, 14.

respublica 58, 2. reipublicae
5. 3. 10, 17. 33,17. 36,12.
51, 2. 89, 9. 124, 2127, 12.
rempublicam 22, 6. 36, 10.
37, 8. republica 16,17. 38,
3. 66, 6. 69, 14.

restinguet 130, 12.
restituat 51, 3.

Ῑ retardat 160, 8. dent 77, 20·

reticendum 164, 8.

retineant 89, 6. Ι5514612.
-ebat 42,15. -endum 49, 7.
-ere 32, 2. -etur 88, 21. 115,
7, -uerint 145, 4. 55155163,

retro 111, 19.

² retrocedit 136, 16.

reuerentiam 18, 20.
reuertebantur 49, 13. ·imur

55,12. 5117, 6.

’ 231

1550555551 111, 19. -551115184,
4. -ccre 92,16. -551511163,
9. -cari 111, 10. -aretur 112,
3. -515186, 12.

1111115617. -gum 65, 3.
113}ng 160, 4 162, 12. -atie
, .

Rhodiorum 140, 21.

rimae 152, 9.

rimetur 144, 12.

iiiigog 131, c. 15541, 1.
roborare 5, 20. 5151115135, 3.

,robur 6, 10. 7, 17, 24. 11, 19.
17,13. 35, 20. 51, 12. 85, 22.
163, 2.

Rome 128, 7.

Romanus (adi.) 149,8. -ei 5,12.
34,4. 35,16. -54, 17. 38, 8. -ee
134, 3, -15, 4. 10,19. 12, 10.
18, 5. 28,18. 94, 3. 150, 18.
·um 5, 9. 64, 3. 115,17. 146,
6. -o 38, 8. 66, 8. crum, 66,
13. 115, 9.

³ respondebitur 91,9. -ere (- Romani14,8.15‚1s,34‚13,

63, 14. 89, 2. 101, 8. 115,10.
-15 53, 20. -os 7, 18. 15, 26.
28, 11. 29, 4. 91, 11.

rostris 161, 1. 162, 12.

rotae 133, 5. 138, 18. -is 141,
nitere 46, 9. -5111157,1.
rotulis 137, 13.

1ο1111111581,21. 132, 21. -ἰε 116,

rotundes 104, 4.
rubicundus 159, 1.
rudis 6, 4.

ruinam 144, 20.

rumpas 102, 2. 110,1. -51 102,
17. -5151 101, 5. -515 104,16.
-1130, 1. -11104, 10. -uut
115, 3.,

rure (de -) 7, 8.

rursum 32, 14. 54, 15. [119,
17.] 140, 6. 155, 10161, l.

 

