Index uerborum.

1 pl.) 58, 15.

103, 18.

9149,

14. ·i

e ,8, 12.
,13. 90,

¹ (1111111100

4. 92, 6.
11. -os 65, 20.
,18. 34, 9. 39, 10.
0, 18. -1 (pl.)42,12.
05, 14. 24, 20. 38, 5.
.›. 64,9. 74,15. 78,19.
14. 108,18. 110, 20. [122,
‚j ·1111183,1.85,16. 99,4.
153,17. -10 34, 17. 71, 5. -os
8,18. 87, 17. 105, 4.
17001101011518. ,
numquam 7, 2. 11, 7. 34, 1. 88,
244, 5. 71, 16. 90, 12. [103,
11.] 118,17. [119, 14. 120, 3.
123,1.] 132, 12. 11111ηαὶ10000-
1131012914. 1110011100. [121,
1111110 uide etium nune. 8, 3. 12,
7. 33, 9. 40,5. 41,13.42,2,3,
10. 45, 1047, 6, 22. 48, 4, 7,9.
52,11. 53, 15. 66, 14. 84, 6. 98,
15. 131, 9. 137, 1. 143, 7. 150,
20. nune- nuno 15,9. 56,12.
nuncuparunt 158, 8. -111084,
20. -011143,8.
0110110111 40, 6. -ari 74, 1.
nusquam 111, 4.
11111010 15, 6.
1111111οι11 146, 2. -116, 1. -11111
7, 4. 33, 19. -111111111 132, 3.
nutu 43, 5. 50, 15. 127, 20. ·11111
54, 17. 88, 3.

0.,

O(oum 001.) 63, 11.

05 75, 11. 80, 12.

oberrant 90, 2. [-01122, 12.]
0510010 159, 8.

215

obliquus 148, 9. -0 106, 7. -10
9,1. -11111 (111 -) 143, 18.
obliuionem 29, 1. 91, 22.
obliuisci 34, 1.

0510110081, 21.

obnitentes 95, 15.

obnoxii 114, 12.

oboedientium 72, 2.

oboedire 32, 14.

obponere 101, 17. -11111 104,
17. -unt 140, 20. 143, 15.
positis 76, 11, uide opp.
obprimantur 80, 14. -010114,
1. 140,10. -10111 49, 19. -0101
13215. -11113, 7. -11111129,
14. -ρ100010112, 15.
obpugnantes 59,18. 148,16.
-0111111111 133, 11. 135, 16.
-uretur 140, 21.

obpugnatio 141,13. -oue 18,
23. -1111111131.8.144,8.
051110111“133,4, 145, 13. -11
145, 6.

0500111101 37, 4.

obscuritas 81, 8. 157, 4.
05000010528. -10 52,4. -0111111
51,14.

050010004072,4, -1111111 110 93,
7. 105,2. -111109,18.151,11.
-01001170,17. -01183, 2.

, 0111111110) 93, 19. -01111 cnm

11011126.
050010011011081,1. ·01110158,4.
obsident 24, 4. -endi 131, 10.

-011100137, 10,15. 140, 12.

141, 16. 145, 7 , 14. 146,19.

147, 5, 10. -entum 149, 3.

-entibus 130, 14. -000000 V.

L.131,11.142,12. · ’
obsidio 68, 18. [147, 14.] -0110

134,4. 135,7. -01115110146,10,
050101010 [123 , n] 147, 13.· -1

133, 12. -11 103, 3. 130, 3.
05011791.
obtemperabunt (dat.) 42, 9.

-10111 ad 54,17. 1111011101.)

72, 7. -rent 55,7. (- ad) 88, 7.
0511000199,8,-0148,18.127,17. ,

 

