“ 192

extruendo 140, 9. -unt 140,

exturbant 137, 17.

exuberet 131, 17.

exudeueriut V. L. 152, 9.

exultare 118, 6. -1111611 118,

exundare 14, 6. -1111160, 6.

exuperent 148, 5.

exurantur 130, 4. -atur 136,
10. -euda 132, 6. -eudas 132,
18, -11139,14. .

F.
116111116143,17. -undie 151,
·1. -entur 129, 16. 133, 6.

160, 20. -ari 136,1. -11111
136, 8.

fabricae 44, 1.

fabrilis (11611111 -) 106, 22.

1111111016. 43,16. 1111449.

1111111123, 10.

11111111. 13, 10. 20, 9. 41,
6, 66,10, 70, 26. 80, 1. 12. 84,
8. 99, 6. 103, 2. 109, 21. [119,
16.]149,13.-1111143,20.131,
3. 1111111121, 21. 67, 2. 70, 16.
-11101,12. 102, 1. 1120, 9.]
-1121,19. 33,17. 37, 9. 60,
2. 102, 16,18. -1611120, 6.
66, 20. -11111124, 15. 26, 3.
46, 11. 69, 14. 72, 10. 76, 11.
81, 7. 86, 7. 132, 19. -endae
66,1. 1111113913. -endum
66, 10. 76, 21. -endue 119, 6.
·11(11132,4. -11186,13.
-11111 83, 16. -1194, 1. 11111
cuminfi11,b. -11161, 19.
62, 16. 69, 20. 70, 6, 78, 4.
82, 0. 83, 21. 84,11. 91, 14.
[122, 21.] 140, 9, 16. 147, 11.
162,9. 1111111166, 20. -erint
102,17. -1111 87, 7. -1111
107, 2. -1111130,13. 62, 1.
-1111143, 14. [fecit 119, 17.]
11111111131,7. fuctum 1111
11, 19. 111111 fuerint 137, 9.

Index uerborum.

111111 11113216. factus est
11, r. 1111111, 1, 111, 12.
quo facto 27, 2. 100, 19. 104,
16. 139, 7. 164, 4. hoc f. 141,
11. 1111177, 22. factum 139,
1. 111111 26, 20. 98, 6. [11111-
111111122, 17.] facturos 38,
1111111116, 10, 96, 24. 96, 9.
facile (adu.) 16,17. 23, 10. 28,
1. 11, 1, 21, 11, 1. 74, 11. 11,
21, 81, 7, 83, 3, 94, 14. 130,14.
facile (adi.) 26, 1. -11 114, 12.
11111111137, 18. -11 92, 16.
facilius (1111.)13, 12. 27, 8. 45,
11.66.1.101,6.110,17. 111,
11. 1111. 161, 11. 111, 11.
facillimum 20, 13. '
111111 32, 7.
[111111111111 20, 14.]
facultatem 113, 12,
111111113111, -11 139, 15.
11111111116. 6. -ue 115, 2.
fallitur [9, 13.] 99, 13.
falx 136, 1216313. -111 163,
16. -11169,13. 136, 7. 143,
13. 161, 14. 163, 7.

11111188, 5. 86, 7. -168, 20.
[123, 3] 131,12. 132, 13.
-11170,1.

famulatus 37, 21.
famulus 33, 2.

fasces 66, 16. 80, 1, 4.
11111111111162, 12.
1111111163, 17.
fastidiunt 11, 14.
fastigia 148, 7.
1111111192, 18.

fatigarentur 93, 7. 111115.

13. 131,14. 111111111162, 1
11. -1ς1111103,12. -igatos ς
90,16. -131111193, 20. i
1111311111136, 20. 134, 4. -em
1511111114, 4.

11111111 166, 3.

 

