Index uerborum.

modo· modo 136 18.

modus 44 4. 44, 44. 444, 44
(121,13,16,17,19,22. 122,
6.] -1(ρὶ.1106,.7 -ο7, 16.
44, 44. 444, 19. [122. 4.] 144,
16. 148, 6, (pro —)138, 14.

w

73,10.100,16. 110,14. 136,
16.137,16.14,36.1481.160,
6. exmore 36, 23. 78,17.
104,4. 444 968 41140411,
4. 44444413

44414644 949 4-160,2.

·um (in 'C’m 18 (ad -) moueantur 94 18. 41 60 21.

139, 19( (in -1143, 19. mo·
4114((-4444411)44) 49, 7. 82,
4,104,8.111,7.139,11.

atur 138 19. enda 44441 64,
19. entur 884 444 1417
et 70, 3. 444444ομ8 mota

moenia 132,16. 142,2. -ibus (pl.) 88, 6. 417311.

69, 4. 4444414010.

Moesos 28, 14.

moles 130, 3. 141, 4. 160, 21.

-4 66, 7.·

4444144114 79. 11.

moliantur 76, 23. (123, 6.]

414479, 7.

molli 129, 20.

molliore 14316.

momento 93, 3. 96, 3.

44944114 88, 2. -14 64, 8. 72, 7.

monoxylis 69, 9. ·44 30, 6.

mons 18, 222617. 44444109,
44.[444,4.] mune. -ibus
44, 4. 444, 44 444, 44. -ium
90, 6. 103. 14.

monstrauerat 166, 9.

414424444486, ,.6 96,19. -1477,

matutine. -1 20, 7. (414444
-180,8(41444-,139,8α
149, 17. -4466, 10. ’

mor8us88.L 4⁶7,ss 936,
26. 4444466, 20.

4444644481,16.-.446617,

moretur 11,

4441444111919. 4446166,

monam. 21.

monum. Ε 2. 163. 9. 96
225. 4421. 94444 :vm

witham. 6 79939.

914 ω m 944. ma. 'brt‘ 36.
17 .39. 6. 232.. 9444 46-
66,6. 2814.AE ³· 49964,
³². 15. - ¹³¹. 6661· ¹8- π a 211.

44441168,17. -14 117, 8.
44411122, 26. 24,12. 91, 8. 113,
8. ·472,4.73,8. [123,7.]131,8.
161. 4. arum 1678 -149,
19.66,17,88. 11. 118,9. [122
17..]136 3.139,11.168,17.
4414470 20 442486617
multum (uirium) 93, 71. (prae
cesserint) 77, 21
4441111441467. 6,.4 9, 9, 11,
26. 24, 22. 27, 6. 64, 21. 66, 6.
66,3 ,.,.,.,.1267247117728
97,16.106,8.11017112,16.
[120,18,.] 130.18,1441466,.7
·166,16.οω6,123241987
13142617. 421, 13149121
ο66,.4.196,7.106,1,9.119,7.
(171, 12116611.
muitarum 79, 21.

multiplex 70, 19.
main 1211. nm. 4914.
mm28„841.8..¹8.18.81.
7 8.. 16. w 4444169446-
61, 19
mim 29,12 »aaut 76,12.
9914421. 7. ..m 26, 21,
mul: 9 12. W 71,
66. 'affl 6466 71, 6 929
29 18 29,1..9, ‘um
22. ’2 m 99 18. ,4122
6. 936 ⁴..& 71. 149623, 8-
9444462 6 79999
amdam? ¹.. 92 26.
mmmm: 9472 6
1449444449ῑὲ6. :12:205 :z 245,
22. 97663.
masaa& ,ὲ 726 96

 

