1

184 Index uerborum.

deligantur 10, 19. degerunt (101011111037, 4.
14,10.-10011111,17. (1010111110. -01(1ο 53, 5.
delinquentes 25,10. -01036,1, -011178,1. -ernnt
demetiuntur 40, 17. 86,14. 158,13, -01111101 38,2.
(10111100130,9. 133, 3. desides 5, 22,

demonstranda 12, 2. desidie 21, 8.
(10110117,13, 29, 8. (10115010132,6. 34, 6. 38, 20.
(1010197. -1 150, 6. -1142,3. 39,3. 57, 3. 64, 10. 128, 3.
(101010110159,8.01111517. 161, 5. -01 10, 9.
denique (singulari cum nigni— desiderio 86, 12.

1001101013111, 3 et (pr. (116· desilire 20, 4.

34, 21 53, 8. (aqua (1.1 05, 15 (1011111168, 20. 70, 17. 145, 8.
66, 7. 77, 5. (0011“ 11110 d.) (10110101187, 15.

92, 6. desperandum 117, 16. -ant
(1011111112918.·10110101108,19.11101110,21. -anti-
130, 2. bus 87,5. -110 111,13. -arnnt
densitas 167, 4. 118, 2. (1111010191, 7.
(101111111143, 19. desperatio 145, 9. -01078, 1.
denudabis 101, 19. 110, 814515. -0101186,13.
deponeret 14, 12. -depoeitos (101111111139,16. -11113, 17.
53, 5. positi 140, 4. -1011110 -010139,18. eta 113, 7. 140,
74, 3 3.147,16. 11111315. -1156,
deposcite, 010, 100111. 11. 110, 19. 134, 19. 143, 11.
(1010100311.-1111,10.11,10.11,13.
(1011011011011010 9. -1153, 1101111111(1(1-101101.) 66,
4. -itur 1122, 14.] 148, 8. 21 et 79, 3.

11117517. -010178, 6. (10111111111108, 10.
(101111111101153,1. -1111111 (10111111190, 111.

90,1. -110110111142,8, -1101- (10111011143 16. (111 138 23.
00142,10. -1100οο065,5 struens 130⁹. 144, 5.
deprompsit 64, 14. (101001 udine 29, 5
depugnandi 85, 3. -110100 87, desuetum 89, 13.

19. [1111111221 123,5.] (1100101140, 10.
(10101111101053. 106,7. 107, (10100110 21 12. 22, 4.

5, 21. 108,10,17, 109, 8. deterere 133 9.

-onis 105, 11. 0111011057 (10101101107, 6. -0101107,15.
(111(11111111152,5,10. -0111 101 (101011011318.

42,19. 01100114. -11101 (1011101117, 15. 70, 21

58,19. 83,19. -011 132,1, (1011111011155,6. 08015118,
1017114. -1100138,8. 18.

01008310 (1011110111171211110106
(1010110101418. 11145 16 17. 11101163 5.
derisere 1518, (101011011570
(1011001115, 5. 1010111011114,10.
(101001111112,1. -·“110.17, 21. (10111031, 17.

unt 95 15, (1000110 32 10. 37, 21. -one
(1000111010143, 9. 11101147 41,11.-0101(12,11.10,14. ¹
101000111111111 1011. 011111

 

