180

35, 22. 98, 13. ·11010101 150,
1. -11010111178, 16. -11010-
111 24, 19. -11010111125,23.
80, 1, 12. 96, 18. 140,13. 149,
12. ·aueuit 14, 20. 27, 5, 7.
34, 8. 35, 15. 39, 6, 11. 58,1,
6, 14, 17. 69. 9. 70, 10, 102, 6.
104, 7, 110, 2. 1131. 133, 12.
consuetudo 7, 8. 8, 4. 12, 5.
20,1. 21,3. (— permansit ut)
23, 2. 27,10. (- 10111111) 41,
7. 51, 1. 57, 11. 67, 21, 68, 12.
·inem5‚ 1. 78, 14. 89, 15.
146, 11. 160,13.

consul 36, 9. -0136,·29. 64, 8.
66, 7, -161129, 7. ex conau-
libus 42, 7.

001111111166, 1.

consuluere 89, 9.

consumit 68, 4. 151, 9. :sum-
poerit 91, 4.

¹ contagione 67, 24.

0011111 100, 7. 139, 5. -1178,
18. 85, 22. 102, 2.
contemplatione 151, 17.
contemptum 6, 22.
contendam 28, 18. -0101141,
92. -1010010115,11.
0011011117, 6.
00110110117617.)121,7.]
0011010101015113μ11,1143
10. 136, 10. 137, 5. 142, 9. 151, 5.
-10111111137,19.-10111159,9.
contextionem 54, 11.
0011110101 50, 13. -01163, 8.
-10189, 9.
contingere 18,19. 74, 6. ·ngit
58, 4. 104, 1. -tigisset 131, 6.
continuari 180, 16. -111 14, 8.
00111110 77, 17. 152, 4.
continuus 78,14. ·is 92, 9. V.
5.131,11.
0011115919.139,6.163,16. -0
46, 18. 0190546 '²1 116,.4

Iudex uerborum.

001111 praep. 15, 7,8.21,12. 51,

20. 66, 8. 95, 18,90.100, 12, 14.
101,17.102,12.103,6.104,12.
105,1.114,13,14, (1101001110.)
115,16. 116, 7,9. 117, 10. 119,
9. [119, 16181137, 19.

001110111166,20.-11111152,9.
contrarius 95, 24.
001116011011189, 17. ·es 16, 8.
43, 6. 44, 17. 46, 12. 56,1. 67,
7. 83, 16. ·ibus (dot.) 35, 22.
53, 1,12. -ibus (161.) 45, 8. 50,
4. 52, 19. 71, 2. 89, 10.

contubernium 45, 18. -i 42, 3.
45, 18, 54, 9. -u 40, 6. 45, 16.
58,18. -1151,19.

contumaciam 71, 16.

conturbant 115, 16. -ot 114,
3.157,1. -1101 105, 6.

conueniat 8, 3. -uenit cum acc.
01111016. 11,1o. 18, 9. 25,
25. 37, 5. 47, 3. 51, 12. 57, 15.
78, 5, 2084, 11. 95, 10. 102, 4.
108, 2. 117, 8. [12216] 132,
18. 135, 1. cnm solo inf. 9, 12.
V. 5. 10, 16. 25,17. 0510182,
3. -10101111 71, 5.

001101110 96, 5.-

connerterint (ad - animum)
93, 17. (armn -)110,16. ·ti
35, 1. -10111 104, 4.
con’uoluitur 140, 1.
copia6,21.11,3.24,16.67,

3. 101,19. 103,18. 134. 5. 1
-169, 10. ·am 75, 4. 133,15. 1

mmmmmmwa
mmmmmnffnmnm
nmmmmmmmu
mmmfflmm

copiosissimos 36, 23.

0011113410. 1111301136.Ιο

0011101136 8. 86, 16. 0165, 1
4115,19.

0011010101117, 12. 01 149 134,8,12. 138,1313914,16. 1

5. 10110 98. 6.
001110101617. 15, 90. (-
0111011013.

0011011110011111215

cornicine 84, 3. ·10140, 14, 4

mmmmmma

 

