114

Caepionis 92, 10.

caeruleus 169, 31.

caesa (66661.) 16, 18,11.

caesim 16,16, 17. 66, 9. 70,10.

caespes 82, 8, 11. ·ites 25, 12,
16. 81, 6.

calciati 46, 13.

calculandi 51, 13. .

6616666 76, 4. -ibus 76, 18.
77, 6.

calor (Martius) 28, 2. -e 6, 13.
66, 10. 136, 9,

camelos 114, 4.

Campanid 160, 3. ,,

campestris (- exercitatio) 21,
8. ·1(- meditatione) 5, 21.
(- exercitio) 7, 10.

compicursione 88, 6. ·em 70,

, campidoctore 66,10. -66 77,
19. 113,18, -1666 (661.) 16,
3. (611.) 81, 16.

campigeni 40, 8.

oempus 16, 3. 14, 19. 81,16.
106,13. -1(966.) 98, 17. 99,
1. 101.11. 101661.) 33, 16.
66,1. -um (— Martium) 14,
9. 28,19. 116, 7. 118, 6. -o,
19,10. 40, 10. 66,10. 67, ll.
68, 11. 67,16, 116, 10. -1617,
10. 60, 1166, 18. 77, 11. 103,
14. 119, 6. 161, 18. ·os 86, 4.
candeat? V. L. 169, 8. .

candidati 41, 3 dis.

candore 163, 6.

66666116 73, 1. -ere (receptui
-) 73, 4. -it (receptui -) 64,
16. -itur 64, 11. ·unt 54, 16,
18, 19, 10. 66, 6.

66666 146,1. ibus 9, 19.

666616 61, 6. 80, 1.

Capanei 141,13.
capere 99, 14. -1 11, 6. 114,
11. -1661133,16. -6166, 7.
118, 4. -ebantur 117, 6,
-endaa 44, 8. -endos 148, 3.
-endum 81,6. -entes 96,8.
-entibus 112, 11. ·itur 139, 7.

index uerborum.

1644. ·iunt140,18. capta 83,
1.91,6. -6614,18. -os143,17.
ce'pit 64, 6. [ceperis 110, 4].
capitaliter 54, 23.
Capitolii 134, 4. ' Ι
Capitolinae arcis 118, 8. -am
66666146, 6.
6661616146, 17. -16116 119, 4.
-16696,13.
1131111 ,11116ῗέ1,
9,11. (66616166 -) 76, 9. 78.
10. 98, 6. (- porcinum) 104,
11. 131, 6. 136, 14, 19. 141, 8.
147, 3. -11613, 6,13, 80, 18.
134, 9. 141, 9, 11. 148, 6. 163,
9. -11611, 11. 69,11. itibus
11,11. 137, 13.
66666666161, 19.
cardine154,8. -em154,11.
155, 1, 3. -um154,l.
carie 151, 14.
carminis 33, 6.
earne 10, 7. -16131,1.
carpentarios 10, 16. 43, 16.
carpenti 135, 15. -16 69, 4.
80, 7. ’
carris 91, 16.
corroballistae 69, 3. 97, 14.
-66 68, 17. 117, 6.
6666643, 6. i
cassides 21, 11. 44, 9 46, 11.
47,16. -166618, 14. 48, 10.
116, 8. -um 45, 11.
6661611616134,11. -6 69, 1, 17.
71, 14.84,17, 19,11. 11816.
194,18. -orum 18, 13. 74, 1.
-16136,14.
6661166616117, 11.
costra 24, 4. 7, 14, 11. 16, 3.
16, 1, 4,10. 17,16. 36, 11. 61,
13. 68,11. 69, 6. 60, 1. 81,11.
81, 4. (6161166 -) 81, 14. 83, ’
13. 91, 11. -ornm (disciplina

-) 6,11. 14,1,11. 16, 11, ,
18. 43,1,6. 68,1.81,1.91,
16. -16 (dae.)40,11. -is (661.)
6,13.8,11.10,16.11,7.14,

 

