1

1

Index uerborum.

24. 80,2Ο. 1106, 128,16. 129,
5. 155, 10. -13 6, 8. 18, 12. 27,
21. [34, 17.] 65, 9. 66, 16 bis.
67, 24. 68, 14. 70, 3. 77,13.
78, 3. 81, 19. 83, 12. 84,18.
87, 16. 89, 20. 95, 5. 105, 4.
110, 3. 131, 9, 11. 143,15.
locuntur 63, 2. loquendum
(311-) 46,11.

longe 10, 14. 34,ss 73, 4. 90,
17. 107,10,21. 113,17. 129,
19. 152,16. uide de.
longior 7, 14. 68, 19. 142, 6.
-3 65, 7. 93, 6. ·15113 10, 6.
163,15.

longissime 107, 16. 108, 24.

uno· 13311333 140 19. 13 597 “

13. 031164
longitudo55, 16 -1111381, 23.
1313111358, 20771 (neuqua
3-13Μ36333
106,12 117,6. 142,16. 145,
15. 147, 20. 149, 16.
longus 82, 10. 98, 2.· ·3 11,11.
137, 4.163,.8 5105, 9. 134,
1. ae 12, 3. 28, 19. am 43,
13. o(-tempore)19 63187
15. 90, 16. 93,19. 162,11.
um-( 33131) 2817. (in-1
mummmqm,m

(33ὼωωημ3’3

1ᾒῶ,3.ΜΜ33

ἲ ·1111239. ·,3346 21. 49, 2.

30, 2. 86, 1. 109,.8 ·1318, 14.
loricarins 44, 2.

loncatus 4616. -i9,l. 100,
’1 161,10. 131022. 0338,
11. 45, 10. 48, 2.

1ῗὲ1ἷ113111,147,13.[-5147,

, 113331311517 116,1.
f 113313331406

¹ lucidus 159,4.

1 1131311518,

luctuosa 135, 16.
ludentes 56, 20.

207

111115 151, 11.Ι ·33159,2. 160,
11.162,19.

lupos 59, 13. ·um148,20.

lusoriarum 33. 14. -13 164, 7.
(sagittis -) 17, 16.

luto 92, 4. 140, 8.

lux 157, 3. lucem 66, 21.

luxum (per —) 52, 18.

M.

Μ33363113328,13.34,9.-3363,1.
Macedonium 149. 21.
133331131133 10, 15.
maceratur 86, 12.
Μ333133 114, 6.
machino 137, 2. 140, 7,16. 141,
8. 142, 9. ·5139,3. -33 (pl.)
138, 8. (dut.) 140, 20. (qen.)
143, 16. (pl.)148,3. ·3111 140,
4. -3343,17. 129,12. 132,
18.133,12. 138,1. 147, 8.
161, 6. -13193, 11. 134, 7. 140,
6.146,21.
machinamentum 136, 19. 139,
13.140,11. -3117,12. 133,
. 5134, 11. 138, 19. 143, 12.
1333131311117.1. ,
maculosus 159,11.
madere 92, 5.
magis passim: = potissimum
magistri 161, 3. ·13(- 311113-
1113)63,93165,1. 117, 5.
·os (- militum) 42, 11. (-
armorum) 63, 9.
Magni 13, 21.
magnitudo 35, 15138, 19. 159,
11. -11113 133, 10. 149, 9.
-1113111 51,11. 152,12. -133
115, 15. 143,· 3. 148, 4.
magno opere (V. L. magno-
pere) 10, 9.
magnus 36, 5. 41, 20. ·3 (120,
12. 123, 3.] 13413. -511,15.
160, 8. -33 41, 20. 65, 25. -3111
9510. -1311,14. 117,11.138,
9. 155, 6. - uiribus 8, 20. 17,

 

