Index uerborum

0111ξ31ἒο00(76, 4. -001 1511ss
uns spes u
4.164,.6

00001106167. -10102,16.
00101 11,16. 01014310.
superfundende 100,11. ·sude·
10113611.

superiectis 69, 10.

superior 79, 17. 88, 12. 96, 13.
128,2. ·orem 18,6. 64,13.
-ore 29, 2. 94, 2. 130, 11. -ori
(abl.) 141, 19. ·oru 14612.
-orum 35, 19. -oribus (ex —)
(00001381, 18. (pro -) 118,
1. (in -) (00601.) 139, 6.
superins 142, 3.

supernumerariis102. 11, -00
62, 12. 102, 22. 106, 3. 107, 2.

superposite 134,17. ·us 117,
7. -10 79, 22.

superstites 119, 1.
superuenist 90, 17. -1000 113,
7. -ire 78, 16. 113, 21.

superuentus 76, 7. 83, 9. -irs
qen. 74, 9. 91, 10. pl. 80, 11.
8616. 90,7. 11213. 146,

, 0606006Μ1,

21. 104,18. -um 60,12. 66,

3 8. 112,18. -1600 70, 2. 81, 9.
1 91, 16. [103, 10. 120, 6.]

03ρὲ101 6, 21. 11 , 3. 24,16.
sup'pli'eis 76, 6. ·orum 72, 2.
supra adra. 12, 19. 26, 19.
praep. 20, 1. 26, 14, 22. 78,
0111110030
147, 3.
surgit 73 17.
0011010, 7.
000000003613.1ρί00610120,
ll.]p pret 98 18. 011388.
1Ῑέ1001 168 ,ἐξ 1·100010001, 92,
·eepr

suspenditur 163, 16. -001 143,
21. 144, 20.
suspicantes 90, 10. 162,12.

239

·eutibns 112, 12. 0010176,
01101900013116 -16007617,
sustententur 63, 2. -01 102,
01111000011064. 1466. [·ebit
120, 2.·] -entl41, 13. -01022,
670, 8. 78, 14. 80, 16. 109,
1016613. 010114912. -et
1322& 67, 10. 78, 6. 97, 22.

Τ.

tabernacula 43, 4. 83, 16,
tabulas 162, 3. ·is 140, 16.
tabulata 133, 10. [162, 11.]

-Μ6660610,
efflummnwnu
emumu

1001100063, 9.

taedio 86, 14.

1010110133, 7.
1101108611.106,10.107,21.
113,1.[1,1912.] -,011212.
141,1 01094 14140, 13.
112911-,001113 ·ibus48‚0
10111019, 3.

tamdiu - quamdiu 80, 20.

10101622. 20, 7. 24, 2 bis. 117,
14. 138, 19. tarn - quam 27,
11. 47, 4. 69,11. (-011001)
64, 20. 78, 10. 102, 9. 107, 3.

tumen passim.

⁴ 1000000127. 16, 7. 17, 10.

οᾙ06060660,
autumnum
&fweuemuu

tangerent 60, 19.

1001020, 2. 36, 24. 37,1. 41,
22.44,16.667.138,16,144,
3.(p1.- 101) 162 6. 671,
16.141,14. 00897 ·arum
21, 14. ·,.ss648 -132,14.
161616. 10666. -011,18.
141, 6. 001138, 12.

 

