Index uerborum.

opponenda 117,ζ14. -511170,10.

5515511571, 14.

, 551515 71, 6. 86, 4. -5164, 11.

-511128, 2.

¹ optata 162, 14. ·51 155,11.

optimates 86, 18.
optime 116, 13.

55111551 87,16. -5100, 24. 108,
17.·11111106,11. [-5111121,20.]
-196,12,15. -11 106,15. -o 78,

5511555140, 2.

555125, 24. 26, 6, 33, 4. 40, 7.
51,3,5,.41855,,283,5.130,
-16,138,12.147,13. 511563,
14.128,1051110411,18.
144, 23. ·ere 33, 19. (1515111-
155115) 79, 13 et 82, 12 et 144,
21. 91, 6. 92, 3. 127, 17. 129,
6. 161, 2. -era 59, 14. 88, 17.
147, 10. eribus 42 24. 133,
13. opus est (cum acc. cum
itfin.)l7, 23.

· 5511555154, 13. 12, 13.

ζ 51511128,9, 159, 2, 4. -1 128,

4. -em (- 1511111115) 5, 1011

, 551555-555

54, 4. 82,Ι 18. 91, 15. -es 27, 4.
51515555541, 16. 77, 4. -55115

, 88, 6. -5111155 130,10. -5515111

103, 8. -5111111 26, 3. 38, 22. 79,
15. 82, 6. 96,3, 19. -are 78, 20.
99,2. -51138, 14. 47, 9. 99, 13,
16.100,3.103,6.117,8. -entur
96,16.110,4. ·1195,5.109,14.
110,1. -55511111108,19. -555-
111 99, 8. 106, 9, 107, 22.
-auerunt 116, 11. -5151115 95,
22. -115136,18. -5155 5321.
-5115 131,11. -atum 101, 14.
ordinarii 39, 20. 47, 14. -1139,
22.41, 19.
ordinatio 104, 12. -551198, 16.
-55511137,2. 49, 18. -one 34,
6. 39, 14. 42, 9. 55, 11. 96, 12.
129, 11. 163, 1.
ordo 6, 6. 26, 24. 58,6. 68, 3. 97,

ηηωωψωωμ.

211

-1115111 (15 -J 12, 20, 24. 26,20.
(551 -) 82, 7, 97, 1 515, 16.
(15 -) 137, 9. et V. L. 128, 13.
-5 64,18. 96,15. 98, 8. (15-)
128,13. 51 8,19.26,12.39,21.
45, 3. 56, 6. 93, 17. 96, 7. 97,
7. 104, 10. 105, 3. 15213. -um
162,18. -ibus 97, 4, 16. 98,16.

orientali 154, 8.

Oriente 115, 18. -551 149, 22.

orientem 25, 4.

5111511549. 156,9. 5115112,1.

515159, 6. -um 156, 3, 4. -55
5115114.

ossibus 15, 20.

ostendendus 94, 16.Δ -ere 5, 1.
-issent 16, 15. -11 (51.) 18, 2.
(pr.) 169, 2.

ostentatione 75, 2.

51151570, 6.

otiosus 131, 14.

otium 71, 7. -128, 20. -5 29,

mmmmm&

P.

555515 65911. 68, 11. 79, 9.
5551515
5511515115 58, 6. 81, 15. 84, 14.
555515 149, 7.

1Ρ551151155 156, 2.

Paelignos 28, 11.

55515 (quo -) 136, 8.

paene 12, 11. 36, 2. 95,1, 100,
14. 113, 12,159,14.

paganus 57, 21.

5111515914.

5511 15, 6. 59,16. 5111111 15,1.
-is 115, 12. -os 15, 1. 17,17.
36,1 214ὲ6-1ἒ111 15, 7, 13. 17, 8,
55111651 159, 10.

palma 72, 17. -5111 54, 5. 127,
pffimffistmzmm
-um 90, 6. -1551 86, 6. 96, 22.
103, 13. 129, 1.

 

