Index 1116111111.

—-.

A· 1111111
11111111 106 22. absque 80 8. 114, 8. 117, 6.
1116) praepositio passim,- ab 118,13.
eiusmodi conprobatus 11111-161111161162,6.·11162,19.
1111136, 14· 16 aequente 11111· abundant 16, 18. -ntibua 101,
ras 19, 17. 104, 16. 16 aeq. 1. 13. -dat 101, 18. -det 86, 7.
1 62, 191 campidoctoribus ac passim.

(=a campidoctoribus) 1111- accedat 7,17. 11116197, 2.
11111116, 3. cs. V. L. 11, 17. -1111196, 6. -11111 109, 14.
104,10. [11 ab insolitis 111611- 140, 8. 11110111. 1111111-
111114,9.] 16111111-16 rit 20, 12. 26,18. 103,1.
aquis discrimen incurrit 14, -1111111117,9. uida adc.
Ι1. 1111111162 10. 111,1988.
166111111163, 17. 111111111134,20.
161111111613. accidere 28,1. 45, 4 67,19.
166111111211. 611111013118,12.-(11111
aberat 81, 20. 29,2.-111111198,13.111118,
aberrare 45, 8. -arent 50,4 1. 136, 10. 144 4
161111146,16. -ire 86, 13. accincti 48, 8.
161111111171,16. 1111111116, accipere 16, 13. 22, 1123, 19.
13. «11111111116, ll. 39, 6. 80, 19. -111 130, 10.
abiete 151, 5. 116111 49 3. 11111187 14.
1611116117, 21. -it 136, 11. 138, 21. 139,1.
16111111123111182 17. [-1111111121,
1611111133, 16. 70, 26. 109, 13. 6.] -1111194, 11. -111162, 2.
113, 3. -1167,17.81,11. ·0 -ccpit34, 1. 31, 20. 66, ’13.
16111111119111,111)86 8. 1111169,16. 132, 6.
abscedebant 111,17. -1111110, acerba 166, 10.
, 8,12. -111611118,14. -re 111161111166,16.166,6.1111
131,16. nant 148, 17. -11111 153, 15.
33, 3. 11111111 146, 18. 111111111162,6. -11116, 1.
abscidi 23, 9. 82, 11. -111611 Achaiam 149, 22.
1162. 1111111316. acieapasaim. 1111111111. -1
161111114214. 16111261. passim. acics, n. pi. 48, 22.

 

