. 204 Index uerborum.

iter 20, 9. 25, 5. 67, 1. 70, 25. Iunias 156, 4.
75, 15,21. 76, 3. 78,24. 84, iuniores 11,16. 13, 8. 18,9.
22. 90, 8. itineris 27, 15, 17. 20, 1, 10. 27, 8. 29,10. 38, 24.
66, 20. 81, 1. 82, 5. 93, 21. 50, 17. 55, 13. 98, 8. -111 17,
-e 12, 22. 66, 21. 74, 8. 78, 15. 36, 2. ·1111119,3.37,11.
13. 79, 2. 90,16. 112, 11. 97,13.
113, 2, 7, 13. 114, 2. 157, 6. 11111131, 16, 23. -111137, 15.
-a 138, 9. -ibus 65, 7. 69, 8. 111 (- armorum) 5,19. V. L.
73,12. 74, 5. 75, 9. 103,12. 42, 21. (legionis —) 50, 2.
108, 7. 111, 22. -111 militaris 12, 16. 37, 4.
iterum iterumque 148, 19, 11111135, 1.
itineraria 74, 12, 17. iussu 37, 13.
. [111511111112213] -16111111 iustissimis 52, 4.
27,15. 11111172,Ιο -erent iustitiam 51, 20.
44, 17. 11511111127, 4. ius· iustus 42, 23.
serit 73, 6. iusserunt 45, 12. iuuant 35, 4. [ure 120, 10.]
67,18. -isset 32, 13. iussisti -1196, 11. [120, 18.]

637. 111111334. 1111111111- iuuenis 8,13. -es 100, 22. 116, ¹

1139,12. 12. -161197,10.
iubis 133, 18. iuuentus 7, 20. 8,11. 11, 1. 14,
11111111116610. [-1111111119, 10. -utem 9, 11. 63, 10.

16. 4111110511. [11111120 iuxta (11 palum uel —) 17, 12,
17. -us 103, 3. [-111 121,14.] 66, 17. 99, 12. 100, 4. 141,19.
-catur 95,13, -eet 88,11. -cas- 142, 16. 154, 1.

set 72, 11. -11111111188, 10.
iudex 42, 13. 44, 9. -icum 52,9.
mmmmuumm. K
Iugurtha 115, 19.
iugis 67,10. ·111150,10. -i 3 5 10.
ΫΑἏΨΩΨ1ΜΛ &mmmmmffldm
11111583. , 64 4
iugiter 138, 7. ’ ’
iugum (111)- miserant) 18, 5. ·

(1111111111- fuerant) 92, 10. L

(erant missuri sub -) 146, 9. “

-11103, 14. lube 151, 15.
Iulium (mensem -) 152, 1. labentia 133, 8.
iungantur ad - 116, 2. 138, 5. 11611414. 18, 21. 36, 5. 72, 1.
-1 108, 22. -ebant ad 111, 21. -11 57, 16. 67, 21. 70, 7. 128,
·eban1ur 35, 5. -endae 162, 13. 146, 14. -11118, 12. 22, 3,
15. -161111148, 16. -eretur 7. 36,22, -17,4.13,16. 14,
ad 124,1. -es 108, 14. ·i 12. 39,18. 41, 22.· 47, 3. 65,
141, 6. -1111-154, 10,12. 155, 11. 78. 13. 82. 15. 86. 14. 93,
2, -1111144, 21. -111111137, 21. [121,4] 127,19. 144, 13.
9. 1111111049. 1111111111 -11117,6.

391 22. 1111111 1111 100, 7. 116011111111183,9.103,14. 109,
1111111111 163, 11. -eris 1111 6. -are 7, 10. -1122, 2. 108,
106,17. -1111 102, 25. 16. [1111111202]

'mmmmmmmmu

 

