182

eum cum futuro exacto 10, 8.
13, 10, 15. 24, 10. 26, 9. 27, 5.
71,4,78,9.87,15.90,13.93,15,
16,17.95,2.(-11611111116111)
97, 22. 107, 22. 109, 2. 110, 12,
15. 113. 15. 117, 9. 1121, 7.
12215] 130,15. (166116116-
11111)137,9. 1-1161111661611)
140, 16. 144,18. 145, 19146.
18, 21. 147, 4. 148, 7. 152, 8.

eum oum coni. perfecti 29, 3.
123, 7. 158, 9.

61116. 1111661166ιί 29,8. 37,19.

cum rum 66111. plusquamperfectr'
15, 27. 19,8. 22,18. 22, 21). 36,
9,92,12.94,3.112,1.115,11.
117, 3. 134, 5. (-— fuisset in·
puisa)141,4. 149,17. 150,14.

cum( raep.) passim: praeei-
(161611) 6111 securibus 78, 12.

cumulo 91, 14.

cuncta 151, 2, -1119, 10. -61
127, 21.

cuneus 101, 10. 104, 8. 111127,
2. 101, 12. 102, 1, 16, 17. 104,
7,14. -6 (1161110218. 1661.)
110,1. 1110118. -61109,21.

61116111116144, 6.

cuniculo 44, 7. -111 130, 15.
141, 2. 144, 9, 16,

cupimus 78, 23. -1150, 15. 57,
19.64,10. 85, tt, 04, 10. 110,
10,10. 11110122. 135, 17.

cupis 79, 24.

cupresso 151, 4.

· 611364, 70, 5.

eura 20. 6. 26, 21. 11, 1. 16.
11, 6. 66, 4. 11116. 161, 6.
161,16. -146, 16. 14, 10. 82,

15. 113,15. -66 1111121,15..

-61142, 20. 53, 7. 150,10.
6118111111, 1111111 11, 6,
7. Ι1111111111 42, 23. 6111669,
0. 146, 17. «616 40, 4. 46, 22.
-611190,1. 61111618. -utos
6811166111 123, 16. 61161194,

index uerborum.

6, -61161 100, 22. 115, 11.
-61657, 14.

6111161111117, 7.

6111111156 -111116, 3.
6111118,8. 13, 7. -u‘is (yon.)
14,12. -um 7,14, 93. 20.
160, 7. —u 7, 20. 13, 8. 17, 22.
27, 16. 70, 21. 97, 4. 158, 12.
61116111163, 14.
611111111105,13, -61 26, 21.
curuo 40,15.

custodisti), 9. 145, 19. -ae 75, 2.
611161111170,14. -atur 66, 15.
1611111111 611 (- ut) 12, 23. -ire
58, 4. -iri 73, 10. 88, 19. —itur
55, 6. -isse 5, 3. -111 92, 3.
-11664,18.

6116 37,14.

cylindri 133, 7.

Cyprum 149, 22.

D.

dabunt 14, 22. 77, S. 117, 3.
-abentur 15,27, -abatur 52, 4.
-antur 72, 23. -616 72, 19.
-datis 16,15. [121, 9.] -de·
dere (nomen — militiae) 7,
10. dederit 79, 6.

Dacos 28, 14.

Dalmatiae 150, 18.
(1111167112.

Danubio 164, 7. -

’1)6111611134, 10.

Darii 65, 2.
16611111617,1,8.28,4.51, . ,
18.63,5.83,19.139,1,2,(16 ,
peditibus tuis uictoriam spe·
11195, 17, 19. cf. 139, 8. de
equitibueuduersurioseircum-
ire 10211. 6110112102, 1,
2,22. 108,13. de 1611161026. ,
debeant 98, 15. 100, 3. 11175,
19. [122, 17.] -ebatur 119,
10. -6511101,11, debemus
12, 10. 78,14. 86, 4.. 111115.
116061112317, 76, 13. 93,1, r
130, 21“. 131,16. -616 (V. h.

 

