210 Index uerborum.

18. 44, 21. 53, 4. 115, 18. 57, tribunus) 39,18. 67, 2. 112,
18. 58, 8. 67, 4. 74, 9. 1120, 9.129,19. -3 93, 18. 146, 4.

3.] -111150,7.124,3. -11331 -3139,14.134,2. -es 47, 17.
11, 4, 11. 52, 7. 54, 23. 58, 1. 49, 2. 65, 24. 138, 1, 6. ·ibus
93, 20, 99, 5. 101, 14. [120, 88, 8. 164, 2. -us 48, 3.

15. 121 5.] -113 26, 22. 57,21. Minotauri 75, 12.

[limi -33,-313,-11131,,11311113. minuentis (lunae) 160, 11. mi-
131113 uide mille. nuie 103, 4. 13131111 111, 6.
miliaria (oohors) 38, 12. 44, 3113111 (sanguinis) 6, 14. (-
10. -3339,12. deliciarum) 8, 2. 83, 6.
militandi 36, 5. -31 87, 22. 3113111 (adu.) 8,1. 11, 23. 64,· 6.
-re 34, 15. -sse 18, 19. 69, 18. 74, 8 bie. 87, 9. 90, 20.
3111131118, 7.12, 16. 14, 9. 28, 103, 20. (113-) 108, 15. 109,
111. 33, s. 31, 3. os, 12. 31, e. [113. s]

22. 92, 19. 110, 5. 111,1. 139, 13113146, 7. -3 32, 16.

12. -329,9. -31311,21,12, 311311111124,1.

9. 36, 11. 63, 7. 64, 16. 74, 4. 3113131123, 14. 13131 29, 3.
-112, 14, 21. 13, 3. 16, 16. 1311333111 11131100, 8. -31113131
20, 9. 27, 14. 37, 8. 137,1. (3111 in omnibus centuriis le-
-11131(-111111)136,4. -11113 3131 sagittarios -1 18, 8. ,
61,15. 3111111165,22.102,11. mixti 1
3111111113 5, 11. 7, 10. 10, 16. 115, 2. 13111111111100,20.Ι

36, 7. 37,16. 54, 8. 58, 6. 84, Μ11333111113 149, 19. 150, 4.

6. 123, 8. -3138,12. 1-31- Μ1133313149,15.

1331313) 9, 10. 38, 2. 43, 13. 3111131113 44, 2. 46, 8. 47, 19.
131113 96, 18. 98, 17. ,99, 1, 9. 57, 3. 70,13. 106,13. 116,13,
131113 eentum quinque 38, 11, 16. 147,16. -ibus 48, 8, 21.
131113 sescenti sexaginta sex 49, 16. 56, 13. 98, 7. 98, 7.
96,19. 311113 sescentos sexe- ’100, 24. 137,16. 139, 6. 141, i
3131333198, 13. 131113 (XX··) 10. 161, 15. -131319, 15.
13,4‚(XX1111·-)6. (VIII-1 3111311118.19.17,13. -111113 23, i
94,11. 1333 - 19, 4. 34, 6,13.97,17.

13, 14. sex - eentum 39, 9. Μ111111113133115,4. -11 65, 2.

1133 - 99, 4. uiginti- 311133131136, 6.

99,11. triginta- 99,11. 311133131152,5. -3175,21.
nouem 1111113 nongenti no· eo,4.118‚15. -31133131 34, 4. ,
noginto sex 99, 2. duo mi· 42,8. 44, 12. 66, 5. -3131111 ’
113 63, 23. 1133331 31111365, 66, 3. -331111111132, 22. -313

23. decem 311111319310. ui· 46,19. 1114216. -1131 113, 3.
11111111· 1111111 11111

1 · 1 · ·

3131111313, 111. -11111, 11. -111, 13. os} 10.
13131133 91, 2. 133, 1. 157, 3. 1111111311 146, 8.

oe 153, 12. mobiles 133,11.
1313113375,15.117,16.118,2, 3131131313 69, 9. 1
130, 16. moderatione 127,21. -31370,14.
ministrentur 83, 17. modestiam 6, 23. 72, 1.
minor 34, 8. 36, 8. 39, 9. (- 1331113113 10, 6.

 

