, 8,14.

Index uerborum.

14, 10. 11, 10 (si -) 118, 0.

·quod 40, 7. 42,18. 54,18.
55, 2. 122, 7. ·qnos (511119.
en.) 105, 4.

aliquot 87,13.

aliquotiens 86, 6.

aliter 12, 24. 13, 24, 18, 6, 68,
2. 74, 1. 84, 15. 146, 13.
alius 34,19. 144, 5. -525,
24. 34,19. 36, 4. 72,18. 73,

a. 101, 18 00. 101, 4. 113,

3. 134, 11. 135, 8. 142, 6.
’ 144, 21, 161,14. -115, 9. 109,
17. -ae 68, 13. -001107,14,
140,15. -0139,12, 54, 3.
133, 12. -112, 8. 35, 24. 36,
13. (al—al.) 84, 9. 91, 18.
(01. contra alios) 100, 14. 116,
6. 143, 17.(01.-111.) 162, 4.
11171. 69,7.(01..-01)77,
16,92,1.103,16.127, 15.
145, 6. ·0, 142, 11. os 43
14.47,17.100,14,(01.-.01)
101, 3.’ 01101133, 11, 14 48 3.
70, 13. 110, 22. 142,8. 144, 8.

. alter 66, 7. 81, 11. 105,1.

[·aml3l, 1111. V.L.]
11110124,18, 79,19, 95,15.

’ 140,18. 159,17. 10788

145,4 rem 139 9 140, 9.
, 11 (051.) 32 5.· 101 160 18.
. altissimae 130, 13,

altitudo 13, 14. 13314. 148,
-11111134,15. 138, 14.
-inem 140, 22. 148, 5, 13. 160,
6. -ine 130, 17. 138,17.139,9.
altrinsecus 75, 16.

altus 25, 13. 82, 9. -1125, 16,
, 18, 22. 82, 13. 137, 3. ·0
163, 3. ax alto 139, 6. 147,
16. 1011101025,21,

alueos 59, 15. 135, 8. 162, 3.
010001 79, 13. ·080,13. 114, 2.
ambiguitas 160, 7.

ambitio 85, 21.

ambitum 25, 17. 129, 7.

ambo 66 7. aa 108 2.
1105100010 92, 14.

169

ambulante 77, 10. ·tes 79. 9.
-11501 76, 6. -1010 13, 1. 57,
14. ·lat 84, 16. -101011127,12.

ambulatoria (turria)—) 140,
-01 (101101) 59, 20.

amittis 01, 1. [103, 11]. -serit

22. ν110 (turres

164, 5. -011129, 7.
011111017922.
amore 127, 22.
0111010138. 19,
00911600110111127, 16,
ampliori), 9. 34, 8. 58, 5. 65,
6. 66, 12. 68, 14 104, 6. 112,
10.143,4.1010161,13.
amplius 0, 13, 34,14. 36,23.37,
13. 57, 20. 64, 19. 76,14. 77,2,
6. 78, 18. 84, 1. 94, 4. 99, 15.
108, 11, 119,3 [120, 6, 10,12,
18. 121,1]. 130,6. 150,2.
151, 7. 164, 8.
an uide utrum. 78, 21. 86,19,
anfractibus 129, 8.
angulis 129, 10. -0 104, 5.
0090110511.) 82, 2. 86, 5. -0
portarum) 93, 9. 113, 9. -00
(91.)78,11.
angustias 90, 6. 162, 9. -10
110, 6.
angustior 99, 14. 104, 9.
anhelus V. L. 94, 1.
animaduertitur (in militem)
animalibus (1101.) 65, 11. (051.)
79, 15. -1011124, 12. 84,12.
114, 6. 127, 11. 131, 18.
00101001133, 1.
animus 17, 21. 87, 6. 94, 13.
110,18.-(19011.)7, 6,51,12.
128,,1 0(051,)35,12. 37,
6. 74,7. 76,16. 111093
17. 115101.) 7 , 17. ,94, 18.
- (051.)10,18. 37, 11. -01001
6,10.·01571287,2. 8915.
animosos 39 3.
0011010163, 2

01101(91)918. -11(051)36,

 

