996

proprius 49, 19. 44, 9. -d 58,
10. 65, 5. 78, 1. -aa 43, 19.
-am 151. 10. -a (51189, 18.
86, 13. ·539,15. 44, 19. -ia
35, 7. 91, 3. -oa 35, 10.
propter 57, 99. 65, 9. 84,10.
114, 10, 11. 130, 5. 139,4,14.
145,18. 147,Ιο 149, 10. 161,
...16155515 aa, 4. 53, 55,
5619. 80, 9. 98, 18. 111, 15.
199, 10. 156, 8. 160, 19.
P‘rrrrrtrirruit
xmndmdffla

18134, 19. 137, 17. 140, 14. .

propugnatores 77. 9. 89, 9.
propulsandum 96, 3.
prorogato 68, 15.

prorumpant 93, 18. -1171, 17.
-551147, 7.

prorrur 94, 6. 97, 99.
prosecutores 69, 1.

proserit 136. 19.

prospicere 95, 93.

“ prosternant 139, 7. -11163, 19.
itur 110, 17. -515511864, 5.
protegenda 100, 10. ·endi 56,
3. -endos 93, 90, -551134,
19. -55155137,19. -15511137,

16.138,1.
protrahi 86, 9.
protruditur 149, 4.
prouideant 66, 6, -eudum 66,
14. 75, 5. 93, 11. ·ere 74, 10.
84, 11. -uiaa 76, 17. -uiaia
81, 90.
prouidus 109, 90. 118, 10. -o
96, 4. -or 153, 16.
prouinciae 88, 91. 159, 11,
-arurn 11, 9. 98,17. 74,14.
-15 6, 6.
55551551515569, 3. -151569,
91. 1555 68, 19.

’ prouiaione 36, 19. -15 51, 9.
prouooabant 49, 11. -andum
97, 17. -are 64, 19. 103, 5.
prouolare 56, 19. -551 101, 5.

Index uerborum.

prout 5551151.55551595,9. cum
roni, plrppf. 44, 14.
προχειμᾶζων 158, 6.

proximior 93, 19.

15 proximo 81, 14. 149,-90.
prudens 58. 11. 88,’9. tea 51, 5.
prudenter 9, 9.

prudentii 6, 99. -6 5, 17.
prudentiori (abl.) 71, 19. ·ori·
55574, 91.

(55155567, 1.

pubertatem 8, 5.

publicus (condietur -), 85, 4.
-a (Iniuria) 89,19. -d (pu-
gna->ro‚14e196‚10. (an-
nona -) 59, 8 ei 53, 9. (acie
-) 119,16. 14818. -am (pn-
gnam -) 87, 11. (- pu-
55551188, 7. -1(5551115165)99,
17. -ia 135, 3. -o (55561515
-)87,90. (- Μ5515)99,15 ,
5111811.[(-5551555155)193, ,
1.] 157, 8. -um (sautum ·-)

· 14, 90. (certamen -) 88, 14. 4

(- proelium) 93, 90.
pudioirrimae 134, 8.
pudore 39, 10.

5551158, 7. 77, 7. -oa 79, 13.
5391105156.
· r · r . r · '
91,16. 96, 11. 50,14. 55, 6.
57, 90. 96,10. 119,16. -am
87, 11. 88, 3. 109, 10. 115, 10.

-arum 63, 5. ,
pugnabitur 107, 19. andi 6,
16. 8,14. 99, 93. 96,14. 63,
10. 99, 19. 93, 3. 163, 5. 164, 1
1. -ando 97, 8. -andum 38,
13. 58, 9. 74, 7. 86, 9. -ante
95, 6. antea 15, 17. 99,14.
77, 1. 86, 90. 97, 9. -antibus
97, 99. 79. 5. 134, 6. -are 9,
3. 16.6. 55, 6. 70, 4. 87, 14.
109. 19. -aret 16, 9. -aretur
66, 9. 5185515111. -atur
93, 17. 54, 90. 103,19. 115, 3.
-55199, 16. ·ο1 64, 13. ·ana·
rint 17, 5. -51555593, 91. ,

 

