242

·ire 13,16. 114, 3. -1111179,
21. ·inarit 114, 1.
transferre 101, 14. 106, 4. 127,
16. -1111147,8.

transfiguntur 117, 10.
transfretatione 113, 22.
transfugae 76, 18. [120,13.t
-1179, 7.

transgressione 103, 13.
111111111167,13. -111111113, 13.
11111111 79,11. 113,18.-11111
79, 24. 80, 17. 82, 6. -irs pl.
80, 11. 90, 6, 168, 11.

transmittendas 70, 22.
transponit 79, 19.

1111111161111 48, 3.
1111111111107, 18. 142, 6. ·is
46, 11. 49, 6. ·os 76, 9.

tredecim 82, 20.

trepidantes· V. l.. 66,11. tre·
pident 96 2.

trepidatione 66, 19.

trepidum 103, 8.

tres 33 7. 82, 13. 166, 7.1111
72,13. 96,23. 163, 61111111
48, 4. 76, 6. 85, 4. 1116111 26,
14. 82, 3. 84, 2. 116, 13.

triangulo 47, 20.

11111111 11111141, 18.

triarii 22, 16, 16. 48, 19. 49, 8.
-1136, 8. 98, 11.

tribu 39, 19, 20.

tribuant 146, 20. -untur 89, 7.
tribulus 116, 12. 182, 7.-11
116,10.

tribunus (- maior) 39, 16. (-
minor) 17,18. 44,12. 89, 16.
-142, 161144,16,20611. 77,
19. 83, 7. 84, 4. 160, 6. -o 42,
19, -ο11111 16,14. 40,12, 62,
9. 67, 9. 70,11. -ia 44, 14. 71,
9. 83, 16. 101, 2, -11 87, 17.
1116111 68, 16.

, 111111113814.

’ trifariam 168, 4.

1113111126, 1, 81, 21. -o 23, 7.
trigonum (111611.) 27, 2.

Index uerborum.

1111111126, 11.
trip odientes 66, 11.
1111111(111-)1613,
111111111111111164, 6.
1111116117218. 1132 3.
trochleis 140, 16. 142,1.
trucidantur 22, 8. 110, 14.
11 103, 7. 106,12. 107, 20,
tibi 68, 9 101,19. 102, 3. 107,
1. [119, 13611] te 94,11. 102,
4.106.17. 107,16.109,17,
111,9,14.1119,16.122,16.]
111132, 6. 61, 2 (111,)96 l. 107,
1810961633, -11[110..18]
123, 14. 127,19. aa 124 2.
127, 17. -1111,101 16, 106, 12,
14. 107,14. 108, 21. -1104,
2, 6. 106, 21. 108, 24. 111, 8.
128, 1. -11 108, 2. -1196,17,
20. 1111110111. ·,.11032
107,7.109,16.11111966
Ι1,074.109.13.[122,16.]
111617,2 24.-6401411111
72,23. -,11111882.1,3619.
1161111164, 16, -111166, 3611.
84, 2 -1111140, 14. 64,14,
tubum 139 20.
1111173, 6.
tuguriola V. J.. 146, 20.
11118614.
tumultuaris (·fosss) 26, 16.
(- castella) 84, 19. -o (-
opere) 70, 23. (opere -) 82,
12. (-6111111144, 20.
111111111176, 14. -1111 70, 3.
-1120, 6. 46,,8 60,2,71, 7.
11 pt 72, 8. 106, 6. pen. 110,
111117, 13, 19. 9, 9, 26, 17. 26,
2, 23. 29, 8. 48, 4. 62, 3. 66,
4. 69,11.80,18.82,12. 83.
2,17. 90. 2. 93, 17. 94,16.
103, 18. 106,11. 107, 11. 109,
16. 113, 6. 119, 3. 136,19.
142, 10. 144, 22. 146, 4. 147,
-7, 148, 10. 162,17.
11116136, 3. -173,16.

 

