¹ Index uerborum.

m

90, 9. 93, 14. 104, 1. 111, 11. 147,15. -us 46, 16. -1 96,,15.
ffimmmmew1mu

-r 9, 7 (uel κ- certe] 13, 20. circumeant 84, 5. --555 106,17.
56, 18. 5723. 63,7. 73,11. 79, 55111837. -115102,12.107,14.
23. 85, 11. 90, 17. 100, 5. circumfunduntur 76, 13. -fnsis
55111157,16. -15104,8.160, 117,4. 1550 129, 1.

· chelutorios168,15.

3,12.

5515155 10, 5.

ceruorum 10, 15.

55555111 55, 4. -515 58, 9.
-51551 57, 10. eret 21, 9.
-sset 57, 21. 157, 11.

cessim 111, 20.

55151543, 11. 18, 20. 64, 2. 89,

rmwmmnmmm

-i 41, 21. 42, 16. 47,15. 114,
511) -51511165, 2. -51511184,
13. 132, 6. -15 57, 9. 118, 14.
150, 9,16. -55 4,11. 16, 6.
44,19.
5515155122, 2. 61, 4. 69, 10.
110, 20. 114, 8.
5151551143,15.1 ,

, chordae 141, 18.
Christum 87, 17.

cibus 146,16. -1 149,1. -o 93,
5. 147, 6. -5111 18, 12. 81, 6.

90,8,112,11. -is 67, 8.
5111515 130, 22. -115 136,11.
137, 12.

Cimbri 92, 10. -51511192, 14.

Cincinnato 7, 23.

51551182, 18.

circa 47, 13. 56, 21. 82, 18. 98,
6. 101, 3, 4, 21. 101, 21. 102,
2. 138,23. 156,10. 158,6.
,55

5115115155 84, 7.

circius 155, 5.

51155 55, 19.

51155115149, 18.

5115515 72, 25. ’
5115551515115182, 8, -51115125,
51155515155115 129, 13.

circumitores 84, 6.
circumsedentibus 81, 17.
circumsidere 68, 20.

circumuenientur 104, 1. -iot
106, 6. ·iutur 78, 6. 79, 2.

102, 23. -115 102, 4. -11 106, 2.
cisternae 135, 3.

citatior 13, 5.

5111515141,18. ·se 141, 17.
5115 65,13. 86,11.100, 1. 108, 4.
51115 160, 4.

515115 91, 4. -1, 88, 10. -15 11.
12. 28, 20. -15 pars 9,10.
155-61,17.

ciuitas 81, 4. 185, 7. 136, 3·
139, 7, 140, 21. 141, 7. -atis
7,16. 129,19. 134, 21. 137,

’ mmmmmmm

146,7. 148, 5, 14. -ati 150,
19. -utem 24, 4. 60, 10. 60, 1.
93, 13.109,11. [122, 6.] 133,
15. 134, 22. 139, 4. 140,18.

’Μηω5ω1ψ

7, 1884, 12, 92, 6. 93, 8. 146.
18.147,13. -5155 43,19. 59,
19. 69, 3. 84, 17. 127,15. 128,
11. 129, 4. -51511119,1. -511-

11551551.) 136, 16. -(551.) 40,
19. 130, 21. 132, 3.
5151511166, 13. 128, 8.

clades (cinq.) 118, 9. (pl.) 11,
10.21,14.

5151551102, 24. -is 103, 1. -e
76,19. 118, 5. 146, 6. ibus
146, 5.
clanculo 145, 18.

classicum 54, 21. 22. 64, 16.

cleseis 33, 13. 149, 19, 21.
(qen.) 150, 4 et 5. 155, 12. 163,
4. -em 33, 8. 14910. 150,17.

circumdet 91, 9. -dederint -55 167, 5. -11111533,15.149,

110,7. -5111584, 19. [5515111]

mmmmm

 

