Index uerborum. ' 181

cornu (quc canitur) (nom.) 72, credulis 69, 23.
25. (11137223. crescat 90, 5. -cntc116,15.
cornu (= aia) (ubi.) 38, 21. 47, entis 160, 11. cutibus 54, 2.
10. 48,16. 100,3. 103, 22, 106, -11 (-in altum) 25, 21. 40, 10.
6107, 7,9.108, 3,13,14. 109, 87, 5, 6. 110, 8. 136, 5. cre-
19. [121, 14,15,18.] -um 39, 7. uerit 146,21. creuit V. L.4,9.
48, 19. 102, 12, 23. 104, 4. Oretum 149, 22.
107,4,20. -111100,11. 101, crimen 42,18. -iuum 71, 20.
4. 102, 2. 108, 9. -ibus 22, 23. crines 134, 1, 6.
47, 9. 100, 7. 162, 19. 163, 1. cristis 45, 11. 49, 5.
cornus (materies) 13410. cruda 134, 10. ·is137,7.138,13.
cornibus (lunae) 159, 6. crudelius 161, 8.
corporali 37, 20. crura 15, 11. -ibus 10,7. 22,13.
corpus 8, 8. 53, 22. -cris 44, cui, cuiquam, cuius, cuiusli-
13. 51,12. 56, 2. -ore [9. 14.] bet, uide qui, quemquam,
15, 24. 46,16. 116,12, ·0rs quoslibet.
57,12. 146,18. 162, 7. ·orum cuiuis uide quouis.
5,15.6,10.115,5. -oribus(dat.) culcitas 143, 14.
7,16. (1101.)22,4. 37,11. culmo 57, 6.
117,11. culpa 84, 6. 89, 12. -am 112,
corrigi 17, 2. 11511211] 19. -us89, 18.
corruente 144, 24. culpatur 4, 9. -us 33, 3.
corruptis 134, 4. -ο 67, 25. cum cumeani. praes. 15, 19.
corus154, 13. 16, 7. 17, 4. 18,16. 28,18.
cotidianus 22,2.157, 17. ·a(pl.) 32, 6. 34, 21. 35,8 (repetit. 10),
1211116512. -5 56, 1. 57,23. 12. 36, 17. 53, 2. 54, 10. 56, 7,
-cm 150, 10. -cs 51, 17. -157, 9. 58, 11. 67, 21. 68, 19. 70, 4.
15. -is 37, 12. 164, 7. -05,19. 72, 8, 9. (Erunt enim 1111111,
17, 23. 88,17. cum intellegunt)75,3. (au-
cotidie 35, 3. 42, 23. 44, 18. 50, deut obuicre, cum — cernat)
18. 51, 15. 72, 20. 78, 10. 81, 6. 99, 14. 102, 27.
crassitudine 143, 3. 103, 16. 117,16. 119, 6. 123,
cratis 14, 19. 15, 26. ·c 15, 8. 10. 128,13. 183,13. 138,6. 189,
-es 131, 3. ·ium14,18. -ibus 8. 148, 14. 150, 21. 152, 16.
137, 5. 142, 9. cum cumindicatiucpraes.14, 15.
, creaioris 158, 13. 23,13,15.34,16. 37,15,22. 38,
crebriores 129, 9. 13442054, 23.55,4.67.1.65,
crebris 70, 2. 156, 12. 2. (tunc cum)69,11. 71,15.79,
crebuit 4, 9. 19. 82, 5, 90, 1. 103, 3. 105, 8,
credant 111. 9. -ai 146, 23, 12.106,11. 10820. 110,9. 113,
-stur 20, 11. 89, 19. -cbaut 1,8. 118, 11112212] 181,
154, 2. -11111111137, 2. -is 5, 10. (utilitas cst, cum)184,13.
6. -1111, 8. 113, 5. -itur 57, 140, 5. 146,17. [147,14.]148,
3. 63, 8. 75, 11. 76, 11. 89, 9. 9, 157, 13. 158,12. 1111111111·
118,3.156,5. -o 7, 2. -unt citur, cum) 163,8.
110, 6. -untur 59, 22. 81, 23. cum cum coni. impf. 18, 4. 21, 8.
-didcruut 65, 23. -didit 18, 7. 32, 7. 35, 20. 36, 9. 66, 7. 140,
36, 10. -0111111 42,24. -5144, 17. 21.

 

