Index uerborum.

tur 136, 6. 137, 14. -11414 123,
adnectitur 47, 11.

adnotata 74, 13. -16161, 17.
52, 3.

adoptando 40, 2. -ati 40,3
adpendunt 74. 2.

adportari 132, 5. -14114 138, 3.
-14181, 13.

adpositis 130, 19. 141, 11. 144,
20.146,21.

adprobatio 32, 3. 80, 3.
adprobatis 52, 4.
adprehendere 116, 10. -4661
143,20.

4646464161659, 6.

adquiritur 17, 14. 66, 2.

adscribendi 38, 24. ·bi 34, 9.
-1116161, 15. ·eeriptum 46,
adsequi 89. 4.

adsertor 12, 16.

adserunt 74, 4. ·untur 134, 1.
adsidua 20, 13. -6 20, 6. 27, 81
28,1. 1442 24 426 12 473
4641664 57, 17. 67, 16. 70, 15.

46441461112,13.158,13.-141
65,8. 163, 3.

adsuefacerent100,22. -144146-
di 13, 8.

464644446156, 10. -4466661

4646114141 16, 12.

adsumo 12,18.

661466146186, 10.

adtendere 26, 6. ·dit 17, 11.

46146164 71, 8. 74, 8. -14 37, 6.

adtenuatae 36, 4.

adtestatione 167, 16.

4614111 102, 26.

46114414 142, 10.

aduenerat 86, 16. -4116187,

nfflmnuenn

·iat 33, 13. -6461444 8, 14.
46646141 34, 2.

4664616 (dat.) 138, 9. -1616 73,

nQamfflmm

46641441164 86, 17. 100, 1.,107,

167

120109[120,.9]131,10.
146,14. -111(9411.)14,18.88,11.
35,20.100,12.107,13.[120,
16.]- -(44111.)68, 19. 76, 23 78
2. 80, 11. 90,16. 93,1’.6 102,
17.163,18.162,26. 1413,
1624,18.26,.176,2.,,8112
18. 91, 3 106,1.113,11,19.
[122,16].146,10.146641.)
103, 4. 111, 12. -4107, 4.
[121, 3.] 130, 15,- -orum 43,
18. 69, 20. 79, 4. 82, 20. 85,
18. 94,18. 95, 8. 36, 8. 102,
11. 104,10. 108, 24. 133,14,
134, 7. 146,13. 153, 2. 161,
18.163,10.164,3, -4449,10.84.
24, 97, 8. 106,13. 110, 6. 111,
16.131,17.161,1. -616 15, 8,
12, 24. 88, 13. 103, 8, 103, 11.
113, 18. 119,13. 120,12].
aduersum praep.) 9, 4, 17, 9,
10. 18, 4,13. 36, 23. 90, 9. 100,
21.103,18.104,7.116,11.117,
11. 130, 20. 142,12. 143, 13,
46641464 (praep.) 5 11, 13,18.
112, 3. 116, 19.
66641464 (41111966 4118,
3. 160, 8 44 87 8 -1486,
15. -495,16. 155,12. 162,
12. 41167821.
4661411464 86, 16.
4661444464 164. -144 8, 10,
466644 136, 12.
44616414 43, 17. ·iis 136, 3.
-141616138, 11.
aeduli 156, 11.
aegri 43, 6. 37. 7.
aegritudine 40, 2.
aegrotantes 132, 4.
Aegyptum 143, 20.
aemulatione 71, 6.
aequet 103, 19.
aequalis 105, 12. -126, 22.
·ibue 159, 8.
aequaliter 13,1. 14, 2. 36, 1.
56,1.
aequat 123, 17.
4144641421.

 

