Index-uerborum.

1111111011, 14. (1110.)

65,19 0175,11.87,12. (subse.)

91, 22 0194, 2. 96,13. 100, 21.

’ (011611.) 114, 4 ee 129, 7 01 137,
101163, 18. -erum 111611.)
18, 18 01 100, 16. -eribus 22,
3. (11511141, 21. 92, 9. 93, 4.

uetustus 58, 9.

1011011101οε 33, 10. -um 89,
14, -1610 71, 9.

uexillum 46,14. 56, 5. -ο 45,
⁷· 46, ὅ, 6· ’8411),5173050
77, 7.

1110144,14. -00 78,11. -am
74, 20110, 12, 138, 9. -arum
74, 15. 76, 1. 90, 7. -1178, 13.
113, 11. 114, 8.

1161011110 23, 15. ·010 144, 2.

trinarius 42,14. -140, 4. 77,
19. -0111170, 12. -1171, 10.
101, 2.

1100 (pro -) 163, 11. 011111-
00111 97, 6. 130, 3. uices 52,1.

uicenos 152, 19. -011129, 15.

uicesimum 1001111011 161, 11.

1101111110 140, 20.

uicinus 24, 17. 70, 23. -1118,
14. ·006,13. ·ο24,14. 82,
15. -um 14, 10.

uicissim 61, 19.

1100014512.

1110101 118, 7. -om 11, 6. 64, 3.
-es 29, 4. 119, 4. -1610 17, 0.

uictoria 49, 1. 68, 4. 72, 17.
110, 2. 119,9. -10(-1111-
111)64, 18. 92, 20, 95, 10103,
9. 1111168. 6, 3. 22, 2029,
8. 34, 20. 64, 10. 67, 22. 72, 6.

,87, 3. 88, 16. 89, 6. 94, 16. 95,
20101, 1. 106, 10, 20. 108, 3,
20. 110, 5. 117, 17. [121, 6,9.]
161, 3. 163, 7. -ir 32, 3.

uirtus 68, 9. 86, 6. -111 131, 16.
132,14. -um 68, 22. 79, 10.
-17,12.

uideat 16, 24. -011111 5, 9. 129,
4. ·01174, 7. 103, 6. -entes
103,19. ,·010 96, 6. 111,17.

245

-0153.7. [uideris 126, 6.]
-1101111190, 12.
uideantur 5, 2. 11, 21. 24, 6.
71,15. 86, 3. 127, 20. -00111
3416. 53, 22. 57,16. 71, 13.
87, 6. 91, 21. [114, 9.] 118, 6.
140, 14. 151, 7. 162,16, 153, 9.
-ebatur 23, 6. 32, 15. 44, 5.
8321. ·01111111 37,6. -011111111
10, 13. -0111119,14. 48, 9.
103, 6. -eretur 23, 5. 62, 7.
-eri 21, 9. 32, 16. ·0111 7, 24.
8,16. 11,19. 21,22. 51,4.
54, 22. 55, 10, 73,14. 81,1. ’
uigentibus 91. 19. uiguit 63, 3.
uigilans 46, 10. 88, 9. -antes
83, 21. 0111610104. -010
84, 2. [·1110111120, 1.]
uigiles 146, 20.
uigiliae 84, 1, 3. -arum 42, 17.
-is 72,16. 145, 16. -as 51, 18.
55, 1. 84, 6.
uiginti milibus 66,1. -01
quod excurrit 1110111293.
[1111110111 121, 7.] “
1111111129, 10.
uimine 14,18. 137,5,12.139.2.
1110060150, 1. -01111123, 19.
0111006821, -01068,14.
-010111148, 22. -15, 17. -11
86, 8. 108, 15. -1111112, 16.
[120, 16. 121,10.] 160,10.
-11111170, 2. 100, 15. uicere
15,17. -001111 10016. -00111
· 117, 15. uicit 36. 17. 135, 6.
uictus 108, 8. 150,16. -i 110,
15. -or 92, 2. 118, 113.
uinctus 80, 9.
uindicandum 149, 14. -110 6, ¹
22. 117,17. -11171,21. -0111
26, 7. -0189,19.
1110101367. -11069,19. 137,1.
uini 69, 16. 132, 6. -0 68, 22.
uiolenta 135, 14.
110101110179, 12.
1111111110 132, 9.
[111110 152, 10.]

 

