Index uerborum. 173

1111311441. · Β311011111144,6,114, 12.
basilicae 57, 7. bestiae 117, 9.
1131111123,12. . bibentibus 67, 6.
bellandi 1113. 16, 9. 60, 19. bidentes 50, 14.

-o 28,14. 1111111162. -ae 42, 11. -147, ·
113111101121. 13,17. -em 8, 19.131,4. ·1123,12.36,24,
mmawmwinffifflanc
96, 12. 99, 7. 138, 2. 139, 3. 162, 14. -ia 48, 21. 117, 8.
142,2. ·31(133,)9,18.18, bipinnis163‚17. -es 163, 7.
14. 39, 7. 79,14. 106, 5. 107, bitumen 132, 16. ·ine140,l.
15. 110,1. 133, 9. 141, 1. 131,1.

163, 12. ibus 98,10. 144, 22. boni 128, 1. [1121. 21, -arum
11111101, 19. 4,1. -117, 24. 28,1. 85, 8.
bellicae (131 -) 6,11168,3 ‚ [123,1]. ·014,7.39,6.102,
1163,3.(31111-)85,1.(111· 21. -1188,16.97,10. -um
ciplinac—) 111, 3. -ac (pl.) 81, 10. 96, 10.

150, 20. -am artem 56,17. boreas 155, 6.

86,19. 88, 20. (arum artium) brachiola 142, 15.
148,17.-11(131)31-)150,1. brachium 15, 22. -a 22, 11
bellicosus 102, 20. -1111147, 1. -1110,6.116,8. -ο98,6.
-01 28, 15. 37, 10. 45, 10. 6131111101 85, 2.
bellum passim. -18, 12. (in breuibus (10111.) (1131.)52,1.
quocumque — genere) 69, 22. (abl.) 52, 3.

67, 11. (dux -—) 73, 8. 81, 3. breue (adi.) 50, 17. 87, 12.
(necessitas -) 85, 14 et 91, breuiorem 101, 20. -es 138, 8.
20. (ars -) 103, 20, 149, 5. 5131111115, 13.

·o (1101.)37,1. 114, 9, 119, l. breuiter 32, 8.

-0 (abl.) 29, 6. (3010101110) Β111311111153, 1.

46, 331 49, 8. 149,12. in bello: bubus 59, 4.

6, 9. 24, 3. 27, 4. 57, 16. 89, 0113111172,24. -1140,15. —am
11, 11. 115,1. (110, 1,10]. 11, 13. -is 1111.

-a (nom.) 14, 8. -a (acc.) bucinatorcs40, 14. 54,14, 21.
(11-) 6,19. 19,7. -01111116,3. burgum 134, 22.

11, 2. 12, 6. (disciplina -)

32‚13. (11331111111-)42,10. C
63, 4. 118,12. (in uniuerso ⁰
genere -) 146, 11. -is (dat.) 31131365,17. ·1111124,12.
51, 6. -is (abl.) 66, 22. 118, 147,18.

1. 132,13. 3133111154, 10.
0311131166. -1111514 -11 3111131136, 20. -ere 67, 13.
(dne.) 117,14. -11(1161.)117, 70, 26. 109, 3. -11113, 15.
2.138.6. -113143,9. -11111111161,19.
benc 6, 2. 44, 21. 46, 13. 60, 9. 11011111.) 151, 14. cis 118,
57,18, 90, 20. 101, 22. 102, 4. 1011462.

15108, 19. caedem 6, 5.
5333131111140,11. 333131131168, 2. 116316,
beneficiis 162,14. -o 40,12, 31311610. 154, 2.

109, 8. 129, 3. 150, 6. caemento 140, 8.

 

