Index uerborum.

, 1111111111 57, 23.

’ felicitate 63, 8. 119,6. 127,
1 21. -11151, 1.

J 1111111116,11.

1111111111 134, 0. -1111111 134, 2,
fenestris 145, 5.

1111111111 127,11,
111111111122, 22. 48,” 1. 49,.9
[-11121, 214] -os35, 997.
11,109, 15.

feriat 136,17 feriendi 56, 3.
144,1. fendo 70, 20. -ire 15,

1 16. 56, 14. -undum 17, 20.
’ 1110111118,19.

ferocissimis 66, 4.
ferramenta 43, 8. -is 59,18.
82,.8 ·orum58, 14.
11111110110,15.43,16.
11111111140, 19 -,11163 10.
11,1117811.2,.24 1111111644.
11111136.1111111140,1.-11111111
45,2. 1111111101, 18.
1111111149, 15. -11122, 13. 49,
55913 -1159,.,8808. 130,

, ῗ115ὲ6 ·,os5912.133,10.
5

1

1111111117,7.117,11.132,19.
143 20 163 14164,.1 -171,
91237472048368
0 86 8. 116, 59 [121 11.
123 ,4.] 130,5.136,12,14.
139, 20. 162, 4.
111111110714. -111111138, 7.
·inantibus 77,16.-11111157,
14. -110114, 2.
festinanter 80, 10.
111111 diebus 55, 19.
fiat 83, 9. fieri 12, 24. 3213.
59, 6. 54,24. 55,9. 89,16.
91,7. 96, 8. 104, 7. 105,10.
110, 2. 111, 8. 112,13. 113,

, 1. [111,11] 141 11113 2

158, 6. 1112116. 24,13. 25,
15, 21. 68, 19. 82, 9. 105,14.
138, 16. -1111136, 12. 79, 23.
11151119, 14. 37, 21. 69, 8 ·es
5316.

9111111111.

193

fidelissime 12, 13

65111111111175,20, 1112211

6511111136, 16. 37, 22.

fidentibus 136, 3.

11111186, 16. 1128, 3. 63. 1“
75, 4. 87, l. 89, 8. -em 34“.
74, 16. 1,23 13. e cm·-
120,11.1

6111111137, 1. 94, 8. 5·118,6.
[120,12.] am6,15.71,7.
90,11.103,4. 111, 6. 118, 7.

11ς111140,18. 111111 555. -ere
9,1. -11111140,3. 148,12.
fixerit 60, l. 11111111 20, 9.
1111179, 22.

1111011812.

6111118611. -111184, 3.

1111112413, -e 12,12. -111154,
8. -ibus 12 10.

11111111111163, 6. 82, 16. 84, 19.
1111117419. 1110114.
11111 V. 4. 159, 17. -111169,
2. 92, 1.

firmissimis 98 9.

1111111111 16,17. 117,10. 128,

fixa 17, 19.

1111111573, 10.

81111111616.

flamma 139,17. -11111111 11,1
22. -1173, 19. 161, 9.

flammulae73,6. -1133, 10.
flare 154, 2. 155, 7.

flatibus 160, 21. Ι1115501611,

2. -111 (p) 73, l 1111 [1111111111

hocloco flatum 1111111111 1.111
V L. 160, 2.

3111111111 39, 23.

flectitur 72, 26.

florentiorem 9, 11.

1111111111 1312
3111117910. -15111151,10.

153, 6, 12. 102, 6.
1111111109,11,·1111.14,3. 3¹1,

= 15.59,10,74,16.1111511157

14. 65, 9. 129, 2. -11111111 30,
11. 1031316115.

13

 

