168 Index uerborum.

55551555115115156, 10. 1 agrestem 127,10. 5115572, 25.
aequinoctium 152, 1. agricola 7, 21.

551159,11. ·ris 157, 4. -15 agrimensoribua 81, 24.
57, 8. 67, 25, agris 7, 1, 24.
amon ' nmststwwffl
aerei 151,9. 51510322. -55106,14. 108,
551515151, 5. -o 72, 25. 22. -515101,15. 104, 4. 106,
¹ 5551515 19,20. 66,19. 69,15. 2, 12, 14. 107, 10, 12. 108,
78, 23. ,82, 15. -lem 81,14. 21. 1121, 16,17,20. 122, 2].
-115156,5, -51515 33, 9. -55 102, 3.
5551155115 43, 4. · 108, 2.
55511515 13, 4. 14, 2. 145, 21. alacri 94, 6. 116,12. -1655 13,
-o 67, 23. 70,23. -515151, 21.
20. . alacrior 16,1. -515 27, 16.
55515 66, 21. 160, 4. -5155 77, 19.
55155128,2. 132,14. 145,5. alacritas 8, 7. -atem 51, 12.
-15 8, 3, 9. 29, 2. 94, 3. 97, 4. alacriter 13, 11. 97, 13.
-15518, 14. 19, 18, 23, 2. -115 51551155 13,12.
36, 11. 55, 16. 154, 3. Alanorum 21, 4. 123, 15.
aeterna 36, 13. -nitato 151,18. 515155 9, 8. 33, 8.
affectiono84‚ 18. uide adi. Albino 92, 7.
afferre 151, 8. albus (55155) 155, 13.
affligerent 117,1. afflictoa,24, algero 67, 4.
9. uide adi. 5115555 29, 11.
Africana, 7. 115,18. -515114, alimoniam 131, 15.
5149, 19. aliqnando 28, 12. 6516. 146,

’ 5111555155, 2. 135, 11. 151159511515511511115115

Africanus (Soip.) 18, 4. 92,1. 16. 159, 3. (51,-51.) 74, 2.
Afrorum 5, 16. 43, 12. 50, 3. 87, 11. 97, 7.
agendus 101,11. -um 71,19. 5111155515158,1. 159,12, 13.
nn0mmmnnffl.annnnmmnffl,
155555555 555515555
nnmmnmnmnrammamaown
5515155 5519, 15. 25 bia.

agger 82, 13. 83, 4. 137,’18. 511551591,7. 1111159.1115111.29,2. 1
-1580,19. 91, 8. -1515 82, 6. (5111211822. in neg. en. 57, 6. 1
91,14. -155 147, 9. 83,9.·1151(5111,1].)105,13.-55111 1
Ψ555 , 5555555555,Ὶ
agmen 26, 14. 100, 20. 113, 3. 10. 87, 7. 95, 7. in 1159. 5151111. 1
117,3.144,17. -1515565,8. 4,3.[119,14].5515551555.) .
75, 19. 83751149,Ιο 5511111 n. en.)
agnoscant 72, 21. -55 5, 3. 51,20. 5551314, -555111, l
awaaQaffion numam-nan ἴ
-5155151 49, 6. -5151 72, 12. 12. 5115152515. 53,11. 101,
-111,19. -15155151,18. -11 16. 131,6.’ -11555111111555111 Τ
73, 2. 143, 10. 75,23. 55551 71,1. ·qno· 1
5515115551,18.55,1.84,11. rum 157,14. ·quibua88,4. 1
164, 7. -15 7, 15. 84,21. [120,1]. in 11. en. 52, 5. [121151. ·qno l

 

