236

16. 122, 2.] -15 20, 3. -o 98,
21. 109, 3. 193, 22. 107, 6, 9.
119, 20. -os 23, 14. -nm 39,
7. 48, 18. 102, 12, 23. 107, 4,
21. 108, 13. [121,-14,]

sinuetur 162, 19.

sinuosis 129, 8.

sinus 105,13. -55 1 pl.) 26, 21.
-515 106, 6. in·u129, 13.

siquidem rum coni. praes. 32,
3. 55, 8. 72, 5. 152,6. eom
55111. imos. 62, 6.

51115 135, 5. ·i 114, 7.

5115451.

5155 19, 1. 23, 8. 42,17. 51,18.
57,14. 70, 29. 71, 9. 77,14.
89,14. 90, 3. 129, 1. 133, 1.
134,11. 136, 4. 137,16. 140,
8. 142, 9. 146, 7. 147, 16, 19.

’ 151, 3. 154, 10 bis. 155, 2, 3,
4,5.163,12.

5155- siue 98, 7. 55155551.
515551- 5155) 8, 16. 17, 21.
55151157. pr. 55, 1. oum fut.
55.57,17. 99, 11. 145, 10.
163, 10. samsoni. praes. 84,
12,17. 93, 8.

’ 5155 - 5155 - 5155 51, 14. eum

fut. eaeacto 55, 7. 71,8. 109,
19. 147, 6.

sobrius 42, 23. 46, 10. 88, 9.
5551511551 66, 12.
55515515111, 14152, 19. -ari
10,16. 51514016.

sociis 34, 3. 73, 19. -orum 36,
24. 104, 5. -55 80, 4.

55195, 24. 148, 9. 159, 7. ·is
0, 18. 7, 4. 12, 11. 66, 20. 96,
5. 135, 9. -i 6, 13. -em 7, 11.
95, 23. -5135,12.146,1.

soleant 54, 10. -551 81, 16.
-ebant 22, 16. 23. 1. -551 5,
8. 14, 6. 26, 24. 37, 1640, 4,
15. 50, 3. 76,17. 77,13. 95,
4. 133, 9. 153, 7. -515 74, 5.
-5179, 14. 105, 10. 112, 10.
118, 18. [120, 6, 10.] 150, 2.

Index uerborum.

solidant 138, 4.

soliditate 132, 22. -tem 80, 10.

solidus 40, 20. 5511355152, 6.
-5 (uide V. L. 159, 9.

55111596, 6. -o 159, 9.
sollemni 157, 8. 158, 7. -ibus

35, 3.

sollers 68, 10.

sollerter 5, 18.

sollertiis 17, 18. 51, 7153, 14.
16015. ri 146, 4.

sollertiores 74. 17.

sollertissime 148, 19.
[sollicitandis 120, 11.]

sollicite 79, 6.

sollicitudo 44, 20.

5511151155 89, 11. -i 93, 1. -os
16912.

55151416.

solstitio 154, 7. -rium 151, 20.

soluerint 93, 17.

solus 64, 4. 72,11. 106, 4. -5
57,1. 63, 7. 72,8. 55189,
3. -um 101. 9. 119, 15. -5 16,
20.109,19. -154,18.
5515115182, 10.

somni 81, 8. -o 147, 6.
55115164,16.

sonis 73, 2.

5511155151 152,15. -1155551
wfimnsflnmsmr
79, 21. -515103,14.

spathas 47, 17. 97, 22.
5551151118. 15. 13, 7. 50, 17.
35311ῑέ3331· 1111·
105,12. ·o.26,14.
5555555155
155ω55ᾨ53
11,22. 51513811. (sd—l
144,11. 5151118413.
spectaculo 157, 8.

spectaro 25, 4. -5196, 10.
specu 144, 13.

speculandi 153, 3.

 

