188 Index uerborum.

duplas 41,1. 5111551. -511115
14,19.
65515195,16.109,17. -1515 14,
21. -151 130,16. 137, 4. 148,
6. -55152, 7. -ia 130, 22.
-11111516,11, 144, 14.
duplicent 26, 23.
durabit 106, 21. -51 157, 7. -5151
1359.—arin187,14.·atisad7,6.
durissimam 136,15.
duritia 10, 8.
dux 71, 8. 72,11. (- belli) 73,
8. 74,11. 75,19. 87,16. 88,
9, 89, 7. 99,13. 100,12. 101.
3. 102, 5,13, 19, [10312]
118, 10. 611515 40, 7. 75,14.
78, 5. 85,13. 87,5. 91,2. 94,12.
ἱ 117,17. (1115183, 14, 96, 4. (111-
5515 84,11. 95,10. 111,13.
6555110, 3. duces 55, 8. 65,
25. 66, 5. 71, 22. 74,17. 75,1.
85, 8. 93,1. 94, 3. 100,21.
[123. 1.] dueum 91, 23. 611-
cibus 29, 7, 88, 16.

Ε.

525,13. uide ex.

ea, 556515 eto. uide is, idem.
eatenus 159, 16.

561515 68, 23.

ediscere 11, 20. 63, 12.
edisseram 136, 9.

editiora 95, 21.

56115129,1.

edocendi 12, 22. -515 63,11.
111, 2. -551164,16. 151, 17.
edomari 47, 3.

educantur 27, 12. -5515 93, 6.
-55515125, 10. 5111 115, 17.
effeetus 32, 1.

efferantur 119, 7.

effetae 28, 9.

51115118, 10. 51, 7.

51651151 135, 5.

effodiendi 13415. -itur 91, 14.
5115551577, 22. -5115165, 18.
effusa 130,11.

egesta 129, 17. 141, 4.

ego 4, 9. mihi 12,18. 37, 5.
515 4, 1212, 13. 32,17.
egrediantur 93,12. 1511155139,
3. 140,17. 1111113112. -155-
151144, 16. egressi 66, 19.
egregie 100, 22.

egregius 33, 5.
591555558118. 93, 14,
eiusmodi 13, 15. 36,14. 66, 5.
70, 9. 87, 4. 11214. 117, 16.
134, 2. 140, 12. 163, 6.
5151151595, 12.

515551515128, 7.

5155115 11, 9.

5155115 79, 15. -ο569,1.87, 17.
5155115515155 38, 7.

elefanti 115,14. 116,19. -os
116, 4, 7, 11, 16.117, 12.
515155 116, 9.

elementum 160, 1.

5155511 142. 11.

elidatur 107, 19. -ebant 116,

17. -1129, 15. -115151143,12. 1

eligat 9, 17. -5151 24,17.
-515515153, 16. -551155 46,
7,15. -556110, 11. 17,18.
-5565 34, 6. -55115 129, 3.

-5511551 74, 23. -5155,18. ,

86, 5. 95, 19. -eret 74, 21. -1
11, 15, -115151,14. 160,19.
-55140,11.84,4. 5155111555.)
50, 18, 71, 16, 110, 3.
eloquentia 4, 9.
eluunt 135, 12.
emendationem 17, 3.
5155565511 92, 9. -5111136, 21.
emergat 148, 20. 51551448.
-117, 14. 79, 12. -155111 84, 5.
eminerent 15, 7.
emittit 73, 2. -1151 57, 1.
enatae 127, 21.
5551555551 29, 5.
55151 passim.
enorme 152, 16.
5555155111 28, 5. -1138, 23.
enumerando 59, 21. -are 28,
17. 158, 8.

 

