Iudex uerborum. ,

111111139, 6.
terrestre 149, 8'. 161, 5. ·i 157,
5. ·11149,11.169,8.
terrifico 135, 17.

' 941

18, 90. 19, 16. 50, 16. 87, 14.
tgrgnzm 1118111.

’“.“ 11111114,18.

1111111171 79,10. [19953] tolerandae 1147
136,.5 enituerunt. -11 tolerantiarum.

46, 93.
tert’io (1111119111

tertius 64,16. 97, 9. 109, 19.
[191,17.] -117,15. 96,6.
38, 15. 49, 5. 47,11. 81, 93.
.107,15. 160, 1. -5 99, 15. 38,
16. ·1157,9. -um 97, 16.

wa

tessera 40,5. 49,17. ·am 40,5.

111111111140, 5.

testantur 111, 5. ·1111 33, 6.

11111146 3
[111119,13.90,14.]
per testimoniales 35, 93.
111111111114,8.
testudo 136, 10, 17. -1111136,
17. -ines 59, 19. 136, 6. ·ini-
511 143, 18.
Teutonum 99,15.

texebant 14, 19. -endas 134,

11. -uerunt 150,18.
Thebanis 141, 15.
Thessali 98, 13.
Thracas 98, 14.
thrascias 155, 5.

ummqunwmu

&mmu

timentibus 76, 19. -11111 95,
9, -111 87, 6. -118,1. 93, 93.

timidi 86, 19.
timor [199, 90.] 136,1.
tinguntur 153, 6.

11117, 9. 11, 17. 14, 3. 15, 8,
14, 97. 16, 4. 17, 7. 94, 1. 96,
’ 9. 55,18. 94,10. ·1119,3.

11111111 149, 5. -111 141, 16.
tormenta 136, 17. 147, 9. 161,
6, -11 134, 9, 4. -1111143, 19,

90. 69, 5. 143, 6.

torquati 40, 19 bis.

1111111140, 90.

torrentes 14, 6. 79, 9. -ibus
94,19. 1111 160, 5.

111 11,10. 14, 8. 91,14. 99,7
ter. 64, 8. 169, 4.

11111 79, 19. 119, 3, -153, 11.
98, 14. 109, 7. 109, 5. -111
10, 17. 38, 9. 41, 11. 44, 93.
51, 14. 198, 9. -111 117,17.
-111 97, 93. 541, 91. 49, 6.
-1115 10.

1111311113 5.

1111111149, 5, 6. 163,8. (pl.)
74, 9. 133, 9. 140,19. 151,19.
159, 5. ·111136,19,19. -e
141,18. ihus 59, 7. 79, 94.
80, 6. 138, 11.

tractandi 96,90. 1111111869.
[1111991] -1119,1. (-11)
78,91. [-111199, 17.] -et 85,
15. -11116, 7. -asse 10, 13.

tractatus 68, 11. 155, 15.

tradenda (111-) 19, 3. -dit

55, 17. -ditur 16, 3. -dnnt
(se-)86,15.

tragularii 48, 19.

ad trahendum (muli —
tantur) 58, 17. -unt 143, 18.

Traiani 19, 17. -ο36,14.

tranquilla 155, 8. 159, 1. -o
160,90.’ (11·1158, 17.

‹lepu-

-onem 5,18. -one 10,8. -ones tranquillitas 111 39, 4.

6, 7, 90. 10,17. 11, 13. 19, 91.
14, 18. 91, 9. 93, 91. 96, 19.
51, 10. 87,19. ’-111114,18.
9, 6. 98, 6. 33, 9. 64,14. -111-
bus 11, 8. 19, 1. 14, 99. 15, 5.

71111111.

transduxit 98, 90.

transeant 79, 17. -11111159,
19. 11111165, 9. -11111 80,
,3. 131, 1. 139, 4. l61-,118.
:euntes 149, 9. 111111 14, 4.

16

 

